 TIME             sta1            sta2      
       0.000  0.00000000E+00  0.00000000E+00
       1.000 -0.48766884E-23  0.36162889E-22
       2.000  0.87929906E-23  0.71874943E-22
       3.000  0.60377042E-23  0.93814769E-22
       4.000 -0.13370032E-21  0.11723330E-21
       5.000 -0.59666689E-21  0.14901721E-21
       6.000 -0.15607771E-20  0.16537561E-21
       7.000 -0.31110718E-20  0.15231058E-21
       8.000 -0.52080088E-20  0.12963264E-21
       9.000 -0.77220510E-20  0.11051759E-21
      10.000 -0.10478074E-19  0.77290696E-22
      11.000 -0.13268522E-19  0.22041989E-22
      12.000 -0.15868105E-19 -0.29459967E-22
      13.000 -0.18082761E-19 -0.59837437E-22
      14.000 -0.19795954E-19 -0.86028357E-22
      15.000 -0.20974174E-19 -0.11878430E-21
      16.000 -0.21661812E-19 -0.13755296E-21
      17.000 -0.21988279E-19 -0.13124510E-21
      18.000 -0.22135834E-19 -0.12321687E-21
      19.000 -0.22245576E-19 -0.12986255E-21
      20.000 -0.22356425E-19 -0.13428581E-21
      21.000 -0.22456494E-19 -0.12578093E-21
      22.000 -0.22564598E-19 -0.12453279E-21
      23.000 -0.22718631E-19 -0.14178594E-21
      24.000 -0.22906446E-19 -0.15576070E-21
      25.000 -0.23063721E-19 -0.15174241E-21
      26.000 -0.23137702E-19 -0.14598988E-21
      27.000 -0.23109858E-19 -0.14672166E-21
      28.000 -0.22963124E-19 -0.13312670E-21
      29.000 -0.22680563E-19 -0.96911143E-22
      30.000 -0.22287157E-19 -0.63215349E-22
      31.000 -0.21852446E-19 -0.47264939E-22
      32.000 -0.21439342E-19 -0.32056251E-22
      33.000 -0.21078078E-19 -0.10602586E-22
      34.000 -0.20789089E-19 -0.60494355E-23
      35.000 -0.20591391E-19 -0.26901469E-22
      36.000 -0.20478237E-19 -0.46439002E-22
      37.000 -0.20416944E-19 -0.49429775E-22
      38.000 -0.20384080E-19 -0.55080274E-22
      39.000 -0.20377417E-19 -0.72066375E-22
      40.000 -0.20391426E-19 -0.77319623E-22
      41.000 -0.20409761E-19 -0.62442070E-22
      42.000 -0.20426110E-19 -0.54447635E-22
      43.000 -0.20446101E-19 -0.66795639E-22
      44.000 -0.20466110E-19 -0.76108313E-22
      45.000 -0.20475897E-19 -0.70181328E-22
      46.000 -0.20482653E-19 -0.71441342E-22
      47.000 -0.20505824E-19 -0.89513864E-22
      48.000 -0.20547856E-19 -0.98909743E-22
      49.000 -0.20595564E-19 -0.87976047E-22
      50.000 -0.20647623E-19 -0.82046245E-22
      51.000 -0.20712431E-19 -0.94156083E-22
      52.000 -0.20781292E-19 -0.10095260E-21
      53.000 -0.20833708E-19 -0.90846569E-22
      54.000 -0.20868403E-19 -0.86924862E-22
      55.000 -0.20900477E-19 -0.98457121E-22
      56.000 -0.20930008E-19 -0.99358667E-22
      57.000 -0.20943314E-19 -0.78822674E-22
      58.000 -0.20942959E-19 -0.63794705E-22
      59.000 -0.20945354E-19 -0.67778370E-22
      60.000 -0.20949794E-19 -0.67592529E-22
      61.000 -0.20940890E-19 -0.53870859E-22
      62.000 -0.20920670E-19 -0.52760127E-22
      63.000 -0.20907107E-19 -0.73459983E-22
      64.000 -0.20901650E-19 -0.86173314E-22
      65.000 -0.20889481E-19 -0.76467726E-22
      66.000 -0.20871135E-19 -0.69701883E-22
      67.000 -0.20862015E-19 -0.77960865E-22
      68.000 -0.20860853E-19 -0.76174990E-22
      69.000 -0.20850602E-19 -0.55427968E-22
      70.000 -0.20830957E-19 -0.45932504E-22
      71.000 -0.20818572E-19 -0.61159061E-22
      72.000 -0.20814950E-19 -0.72270087E-22
      73.000 -0.20805781E-19 -0.64021980E-22
      74.000 -0.20792201E-19 -0.63953017E-22
      75.000 -0.20790596E-19 -0.91654452E-22
      76.000 -0.20800592E-19 -0.13238978E-21
      77.000 -0.20804928E-19 -0.18542703E-21
      78.000 -0.20801903E-19 -0.28353539E-21
      79.000 -0.20806516E-19 -0.43671089E-21
      80.000 -0.20818897E-19 -0.60651760E-21
      81.000 -0.20823391E-19 -0.75914377E-21
      82.000 -0.20819760E-19 -0.89239974E-21
      83.000 -0.20823651E-19 -0.99062946E-21
      84.000 -0.20835304E-19 -0.10108775E-20
      85.000 -0.20839253E-19 -0.94022052E-21
      86.000 -0.20835507E-19 -0.81559965E-21
      87.000 -0.20839075E-19 -0.66629564E-21
      88.000 -0.20847970E-19 -0.48999918E-21
      89.000 -0.20843917E-19 -0.30240628E-21
      90.000 -0.20825892E-19 -0.14975516E-21
      91.000 -0.20811267E-19 -0.49052145E-22
      92.000 -0.20803234E-19  0.28210085E-22
      93.000 -0.20789560E-19  0.94344323E-22
      94.000 -0.20774277E-19  0.12627943E-21
      95.000 -0.20777477E-19  0.12471633E-21
      96.000 -0.20801672E-19  0.12897480E-21
      97.000 -0.20830250E-19  0.15247144E-21
      98.000 -0.20860360E-19  0.16557966E-21
      99.000 -0.20904723E-19  0.16164073E-21
     100.000 -0.20959414E-19  0.17507877E-21
     101.000 -0.21002739E-19  0.21331224E-21
     102.000 -0.21028559E-19  0.23646800E-21
     103.000 -0.21049205E-19  0.22668608E-21
     104.000 -0.21064071E-19  0.21225357E-21
     105.000 -0.21057850E-19  0.20205999E-21
     106.000 -0.21032058E-19  0.16409599E-21
     107.000 -0.21006350E-19  0.92416905E-22
     108.000 -0.20986208E-19  0.28127161E-22
     109.000 -0.20960190E-19 -0.10186143E-22
     110.000 -0.20930198E-19 -0.50773604E-22
     111.000 -0.20912607E-19 -0.10193052E-21
     112.000 -0.20907741E-19 -0.12955907E-21
     113.000 -0.20899350E-19 -0.12452436E-21
     114.000 -0.20885318E-19 -0.12384216E-21
     115.000 -0.20878041E-19 -0.14111560E-21
     116.000 -0.20874618E-19 -0.14377346E-21
     117.000 -0.20858769E-19 -0.12192841E-21
     118.000 -0.20832563E-19 -0.11059098E-21
     119.000 -0.20814379E-19 -0.12070636E-21
     120.000 -0.20805805E-19 -0.11779919E-21
     121.000 -0.20792700E-19 -0.91603079E-22
     122.000 -0.20777921E-19 -0.76629663E-22
     123.000 -0.20779380E-19 -0.81614252E-22
     124.000 -0.20795987E-19 -0.69916511E-22
     125.000 -0.20809086E-19 -0.32037540E-22
     126.000 -0.20817176E-19 -0.57531405E-23
     127.000 -0.20835285E-19 -0.28837716E-23
     128.000 -0.20860637E-19  0.10858100E-22
     129.000 -0.20873891E-19  0.42326095E-22
     130.000 -0.20874596E-19  0.52087765E-22
     131.000 -0.20880737E-19  0.30249114E-22
     132.000 -0.20893011E-19  0.16012499E-22
     133.000 -0.20894600E-19  0.20921040E-22
     134.000 -0.20886568E-19  0.89235276E-23
     135.000 -0.20887855E-19 -0.26578495E-22
     136.000 -0.20899205E-19 -0.43732149E-22
     137.000 -0.20902381E-19 -0.31200508E-22
     138.000 -0.20896113E-19 -0.27818882E-22
     139.000 -0.20897544E-19 -0.43003664E-22
     140.000 -0.20907029E-19 -0.37325646E-22
     141.000 -0.20906998E-19 -0.31994295E-23
     142.000 -0.20896903E-19  0.15870547E-22
     143.000 -0.20893929E-19  0.75205005E-23
     144.000 -0.20897889E-19  0.10577806E-22
     145.000 -0.20890904E-19  0.32748580E-22
     146.000 -0.20873144E-19  0.31463734E-22
     147.000 -0.20863497E-19 -0.21280130E-23
     148.000 -0.20863796E-19 -0.23743368E-22
     149.000 -0.20857838E-19 -0.21148621E-22
     150.000 -0.20846570E-19 -0.34120327E-22
     151.000 -0.20848110E-19 -0.69098523E-22
     152.000 -0.20861717E-19 -0.80298568E-22
     153.000 -0.20867698E-19 -0.57134524E-22
     154.000 -0.20864083E-19 -0.43875382E-22
     155.000 -0.20867525E-19 -0.51513471E-22
     156.000 -0.20877419E-19 -0.37884554E-22
     157.000 -0.20875838E-19  0.38941531E-23
     158.000 -0.20863882E-19  0.26389416E-22
     159.000 -0.20861218E-19  0.17804794E-22
     160.000 -0.20868462E-19  0.21201902E-22
     161.000 -0.20866715E-19  0.44031660E-22
     162.000 -0.20855158E-19  0.39979175E-22
     163.000 -0.20851992E-19  0.14120113E-23
     164.000 -0.20857516E-19 -0.22269471E-22
     165.000 -0.20853977E-19 -0.18451908E-22
     166.000 -0.20843053E-19 -0.30186674E-22
     167.000 -0.20845619E-19 -0.62413182E-22
     168.000 -0.20862938E-19 -0.64972965E-22
     169.000 -0.20875418E-19 -0.29281048E-22
     170.000 -0.20880532E-19 -0.60393811E-23
     171.000 -0.20894038E-19 -0.71699363E-23
     172.000 -0.20913047E-19  0.12651933E-22
     173.000 -0.20916684E-19  0.58000707E-22
     174.000 -0.20904891E-19  0.75904390E-22
     175.000 -0.20898602E-19  0.56454568E-22
     176.000 -0.20900714E-19  0.50222180E-22
     177.000 -0.20894943E-19  0.66515270E-22
     178.000 -0.20883035E-19  0.55827171E-22
     179.000 -0.20883622E-19  0.12187914E-22
     180.000 -0.20894332E-19 -0.10391175E-22
     181.000 -0.20895685E-19 -0.22308427E-23
     182.000 -0.20893442E-19 -0.14228956E-22
     183.000 -0.20916770E-19 -0.52027089E-22
     184.000 -0.20973530E-19 -0.60391020E-22
     185.000 -0.21047138E-19 -0.31311035E-22
     186.000 -0.21136120E-19 -0.19907016E-22
     187.000 -0.21252743E-19 -0.34709863E-22
     188.000 -0.21380690E-19 -0.21607770E-22
     189.000 -0.21477993E-19  0.25092273E-22
     190.000 -0.21526300E-19  0.46859328E-22
     191.000 -0.21537318E-19  0.33648780E-22
     192.000 -0.21510842E-19  0.39722664E-22
     193.000 -0.21431731E-19  0.69783777E-22
     194.000 -0.21312016E-19  0.64117826E-22
     195.000 -0.21190938E-19  0.15136968E-22
     196.000 -0.21086475E-19 -0.16783860E-22
     197.000 -0.20987376E-19 -0.20509777E-22
     198.000 -0.20895941E-19 -0.49575983E-22
     199.000 -0.20834657E-19 -0.10451880E-21
     200.000 -0.20804944E-19 -0.12015262E-21
     201.000 -0.20782370E-19 -0.87661708E-22
     202.000 -0.20759393E-19 -0.68979916E-22
     203.000 -0.20752129E-19 -0.73694423E-22
     204.000 -0.20759773E-19 -0.44544565E-22
     205.000 -0.20758744E-19  0.19125102E-22
     206.000 -0.20742694E-19  0.49133085E-22
     207.000 -0.20728540E-19  0.35463759E-22
     208.000 -0.20719004E-19  0.39454726E-22
     209.000 -0.20699701E-19  0.66257350E-22
     210.000 -0.20676615E-19  0.53268477E-22
     211.000 -0.20675093E-19 -0.37631047E-24
     212.000 -0.20697795E-19 -0.24256386E-22
     213.000 -0.20723521E-19 -0.10019205E-22
     214.000 -0.20749124E-19 -0.21259729E-22
     215.000 -0.20790847E-19 -0.58525240E-22
     216.000 -0.20843195E-19 -0.51453936E-22
     217.000 -0.20880117E-19  0.19253069E-23
     218.000 -0.20899308E-19  0.27060505E-22
     219.000 -0.20922360E-19  0.15609438E-22
     220.000 -0.20949856E-19  0.34859008E-22
     221.000 -0.20960569E-19  0.84149346E-22
     222.000 -0.20956283E-19  0.87598993E-22
     223.000 -0.20961631E-19  0.41914977E-22
     224.000 -0.20977344E-19  0.24017443E-22
     225.000 -0.20979479E-19  0.40050808E-22
     226.000 -0.20967092E-19  0.16983441E-22
     227.000 -0.20964049E-19 -0.44777733E-22
     228.000 -0.20971147E-19 -0.64322616E-22
     229.000 -0.20963834E-19 -0.36524630E-22
     230.000 -0.20940702E-19 -0.39342104E-22
     231.000 -0.20926808E-19 -0.74964807E-22
     232.000 -0.20925431E-19 -0.63136868E-22
     233.000 -0.20914308E-19 -0.32649541E-23
     234.000 -0.20893272E-19  0.19140077E-22
     235.000 -0.20887146E-19 -0.20891809E-23
     236.000 -0.20896901E-19  0.13238649E-22
     237.000 -0.20896242E-19  0.64671013E-22
     238.000 -0.20881288E-19  0.66053778E-22
     239.000 -0.20875535E-19  0.16458962E-22
     240.000 -0.20881419E-19  0.46143872E-23
     241.000 -0.20876076E-19  0.34247965E-22
     242.000 -0.20859822E-19  0.19723482E-22
     243.000 -0.20859215E-19 -0.36802341E-22
     244.000 -0.20876412E-19 -0.42978048E-22
     245.000 -0.20884427E-19  0.20517968E-23
     246.000 -0.20877830E-19  0.58150911E-23
     247.000 -0.20878968E-19 -0.31875360E-22
     248.000 -0.20889288E-19 -0.17897664E-22
     249.000 -0.20884971E-19  0.44687253E-22
     250.000 -0.20866560E-19  0.56990607E-22
     251.000 -0.20862584E-19  0.18639081E-22
     252.000 -0.20877753E-19  0.26938144E-22
     253.000 -0.20886993E-19  0.78436579E-22
     254.000 -0.20885765E-19  0.71182275E-22
     255.000 -0.20895703E-19  0.83062515E-23
     256.000 -0.20915542E-19 -0.48667687E-23
     257.000 -0.20918177E-19  0.30965005E-22
     258.000 -0.20902336E-19  0.13056089E-22
     259.000 -0.20896111E-19 -0.50584305E-22
     260.000 -0.20904052E-19 -0.47588740E-22
     261.000 -0.20902135E-19  0.18817566E-22
     262.000 -0.20889327E-19  0.35796439E-22
     263.000 -0.20890897E-19  0.56533750E-23
     264.000 -0.20905798E-19  0.38786134E-22
     265.000 -0.20904794E-19  0.12409648E-21
     266.000 -0.20886163E-19  0.13905664E-21
     267.000 -0.20879169E-19  0.87390167E-22
     268.000 -0.20887579E-19  0.89166992E-22
     269.000 -0.20885211E-19  0.13745150E-21
     270.000 -0.20872141E-19  0.10979706E-21
     271.000 -0.20877668E-19  0.17991365E-22
     272.000 -0.20901207E-19 -0.59200812E-23
     273.000 -0.20908923E-19  0.32236768E-22
     274.000 -0.20897657E-19  0.33656395E-23
     275.000 -0.20905020E-19 -0.79882358E-22
     276.000 -0.20948126E-19 -0.80090692E-22
     277.000 -0.21010091E-19 -0.87501078E-23
     278.000 -0.21094248E-19 -0.76929516E-23
     279.000 -0.21229676E-19 -0.66658217E-22
     280.000 -0.21409642E-19 -0.43324358E-22
     281.000 -0.21581717E-19  0.45789148E-22
     282.000 -0.21711205E-19  0.48217514E-22
     283.000 -0.21799954E-19 -0.22998954E-22
     284.000 -0.21835888E-19 -0.13648928E-22
     285.000 -0.21786128E-19  0.60471023E-22
     286.000 -0.21654542E-19  0.40523881E-22
     287.000 -0.21489495E-19 -0.53530543E-22
     288.000 -0.21321607E-19 -0.53408455E-22
     289.000 -0.21147146E-19  0.22995109E-22
     290.000 -0.20979435E-19  0.45979539E-23
     291.000 -0.20856130E-19 -0.85733603E-22
     292.000 -0.20783382E-19 -0.67683830E-22
     293.000 -0.20729531E-19  0.35001560E-22
     294.000 -0.20684193E-19  0.34091404E-22
     295.000 -0.20667549E-19 -0.46571042E-22
     296.000 -0.20674578E-19 -0.14043232E-22
     297.000 -0.20670281E-19  0.10131405E-21
     298.000 -0.20648788E-19  0.93479109E-22
     299.000 -0.20637881E-19 -0.83080022E-23
     300.000 -0.20638316E-19  0.90976472E-23
     301.000 -0.20620428E-19  0.11285450E-21
     302.000 -0.20587764E-19  0.80378868E-22
     303.000 -0.20580311E-19 -0.49924293E-22
     304.000 -0.20606320E-19 -0.40987477E-22
     305.000 -0.20634312E-19  0.68332104E-22
     306.000 -0.20659291E-19  0.31671067E-22
     307.000 -0.20710269E-19 -0.10438608E-21
     308.000 -0.20783855E-19 -0.76366687E-22
     309.000 -0.20838450E-19  0.65812505E-22
     310.000 -0.20864825E-19  0.42765775E-22
     311.000 -0.20895588E-19 -0.91105257E-22
     312.000 -0.20935444E-19 -0.41007222E-22
     313.000 -0.20951069E-19  0.12741122E-21
     314.000 -0.20940291E-19  0.93216505E-22
     315.000 -0.20940979E-19 -0.73967698E-22
     316.000 -0.20959411E-19 -0.30690271E-22
     317.000 -0.20959765E-19  0.14368972E-21
     318.000 -0.20936350E-19  0.78250870E-22
     319.000 -0.20925440E-19 -0.13253023E-21
     320.000 -0.20933318E-19 -0.78170345E-22
     321.000 -0.20924245E-19  0.13578025E-21
     322.000 -0.20892563E-19  0.56624315E-22
     323.000 -0.20874588E-19 -0.19073196E-21
     324.000 -0.20875966E-19 -0.95159447E-22
     325.000 -0.20860035E-19  0.19590961E-21
     326.000 -0.20821660E-19  0.91698449E-22
     327.000 -0.20799420E-19 -0.23399624E-21
     328.000 -0.20801264E-19 -0.77639570E-22
     329.000 -0.20792109E-19  0.34769978E-21
     330.000 -0.20768195E-19  0.14130637E-21
     331.000 -0.20768215E-19 -0.44394317E-21
     332.000 -0.20796845E-19 -0.90478381E-22
     333.000 -0.20813268E-19  0.90649477E-21
     334.000 -0.20809195E-19 -0.78857660E-21
     335.000 -0.20821197E-19 -0.98251877E-20
     336.000 -0.20852281E-19 -0.29871775E-19
     337.000 -0.20860314E-19 -0.62152271E-19
     338.000 -0.20838708E-19 -0.10308154E-18
     339.000 -0.20828987E-19 -0.14225372E-18
     340.000 -0.20838990E-19 -0.16576855E-18
     341.000 -0.20829652E-19 -0.16431602E-18
     342.000 -0.20797451E-19 -0.13742651E-18
     343.000 -0.20787093E-19 -0.89589715E-19
     344.000 -0.20806766E-19 -0.25548351E-19
     345.000 -0.20814238E-19  0.48147651E-19
     346.000 -0.20802523E-19  0.12014989E-18
     347.000 -0.20814049E-19  0.17766880E-18
     348.000 -0.20853600E-19  0.21292037E-18
     349.000 -0.20873868E-19  0.22410625E-18
     350.000 -0.20864566E-19  0.21194014E-18
     351.000 -0.20868449E-19  0.17938351E-18
     352.000 -0.20891898E-19  0.13417107E-18
     353.000 -0.20889043E-19  0.86750858E-19
     354.000 -0.20852846E-19  0.44184976E-19
     355.000 -0.20831555E-19  0.88161129E-20
     356.000 -0.20835961E-19 -0.17048388E-19
     357.000 -0.20821722E-19 -0.29604804E-19
     358.000 -0.20782535E-19 -0.28493940E-19
     359.000 -0.20767626E-19 -0.19465521E-19
     360.000 -0.20786984E-19 -0.94304548E-20
     361.000 -0.20793436E-19 -0.15209751E-20
     362.000 -0.20778655E-19  0.27711674E-20
     363.000 -0.20790938E-19  0.94042647E-22
     364.000 -0.20836997E-19 -0.11866429E-19
     365.000 -0.20863372E-19 -0.29401963E-19
     366.000 -0.20856375E-19 -0.44592041E-19
     367.000 -0.20861995E-19 -0.52069334E-19
     368.000 -0.20886047E-19 -0.51662152E-19
     369.000 -0.20876178E-19 -0.45373594E-19
     370.000 -0.20825405E-19 -0.35096175E-19
     371.000 -0.20791092E-19 -0.23289125E-19
     372.000 -0.20788413E-19 -0.12626153E-19
     373.000 -0.20768786E-19 -0.38148920E-20
     374.000 -0.20726132E-19  0.43110660E-20
     375.000 -0.20717140E-19  0.11929052E-19
     376.000 -0.20751612E-19  0.17314299E-19
     377.000 -0.20770948E-19  0.19336056E-19
     378.000 -0.20760396E-19  0.18987375E-19
     379.000 -0.20772957E-19  0.17626651E-19
     380.000 -0.20817115E-19  0.15328353E-19
     381.000 -0.20833691E-19  0.11878129E-19
     382.000 -0.20810785E-19  0.79715378E-20
     383.000 -0.20807814E-19  0.44046182E-20
     384.000 -0.20838404E-19  0.11847026E-20
     385.000 -0.20845010E-19 -0.16288646E-20
     386.000 -0.20816860E-19 -0.31518946E-20
     387.000 -0.20814782E-19 -0.26069139E-20
     388.000 -0.20850690E-19 -0.24752784E-21
     389.000 -0.20862374E-19  0.33104202E-20
     390.000 -0.20836490E-19  0.78061253E-20
     391.000 -0.20834589E-19  0.12672063E-19
     392.000 -0.20868551E-19  0.16541218E-19
     393.000 -0.20875028E-19  0.18302377E-19
     394.000 -0.20842685E-19  0.18076498E-19
     395.000 -0.20837347E-19  0.16544827E-19
     396.000 -0.20871209E-19  0.14056630E-19
     397.000 -0.20877060E-19  0.11066680E-19
     398.000 -0.20841913E-19  0.86059883E-20
     399.000 -0.20832944E-19  0.73853540E-20
     400.000 -0.20860917E-19  0.70059086E-20
     401.000 -0.20854972E-19  0.68500572E-20
     402.000 -0.20803870E-19  0.71098666E-20
     403.000 -0.20781944E-19  0.80278503E-20
     404.000 -0.20803371E-19  0.86864312E-20
     405.000 -0.20794738E-19  0.75453096E-20
     406.000 -0.20744442E-19  0.38264814E-20
     407.000 -0.20731098E-19 -0.23793106E-20
     408.000 -0.20769957E-19 -0.10677184E-19
     409.000 -0.20782864E-19 -0.19816845E-19
     410.000 -0.20755136E-19 -0.26973419E-19
     411.000 -0.20766224E-19 -0.29011779E-19
     412.000 -0.20828556E-19 -0.24767362E-19
     413.000 -0.20855825E-19 -0.15419627E-19
     414.000 -0.20828823E-19 -0.29092173E-20
     415.000 -0.20829529E-19  0.10955510E-19
     416.000 -0.20872758E-19  0.24034025E-19
     417.000 -0.20872359E-19  0.33992206E-19
     418.000 -0.20814281E-19  0.39565379E-19
     419.000 -0.20790820E-19  0.41067722E-19
     420.000 -0.20822006E-19  0.39486546E-19
     421.000 -0.20819163E-19  0.35828569E-19
     422.000 -0.20766948E-19  0.31443028E-19
     423.000 -0.20759685E-19  0.27905432E-19
     424.000 -0.20814152E-19  0.25916473E-19
     425.000 -0.20832861E-19  0.24808688E-19
     426.000 -0.20796896E-19  0.23524852E-19
     427.000 -0.20803447E-19  0.21664628E-19
     428.000 -0.20867579E-19  0.19393077E-19
     429.000 -0.20884646E-19  0.16915517E-19
     430.000 -0.20835187E-19  0.14370650E-19
     431.000 -0.20823659E-19  0.11796041E-19
     432.000 -0.20867761E-19  0.89497440E-20
     433.000 -0.20859905E-19  0.55660863E-20
     434.000 -0.20785129E-19  0.19659646E-20
     435.000 -0.20759666E-19 -0.94089534E-21
     436.000 -0.20804487E-19 -0.23106606E-20
     437.000 -0.20804890E-19 -0.16723247E-20
     438.000 -0.20743744E-19  0.12192896E-20
     439.000 -0.20741631E-19  0.61533052E-20
     440.000 -0.20814885E-19  0.12103688E-19
     441.000 -0.20835300E-19  0.17782951E-19
     442.000 -0.20782107E-19  0.22573408E-19
     443.000 -0.20783935E-19  0.26243799E-19
     444.000 -0.20858022E-19  0.27815973E-19
     445.000 -0.20868054E-19  0.25621469E-19
     446.000 -0.20795249E-19  0.18798685E-19
     447.000 -0.20780995E-19  0.83591365E-20
     448.000 -0.20844738E-19 -0.29893139E-20
     449.000 -0.20840835E-19 -0.11485172E-19
     450.000 -0.20752236E-19 -0.13467296E-19
     451.000 -0.20733710E-19 -0.74814691E-20
     452.000 -0.20805286E-19  0.41694936E-20
     453.000 -0.20808677E-19  0.15992398E-19
     454.000 -0.20727234E-19  0.20338842E-19
     455.000 -0.20728951E-19  0.74122711E-20
     456.000 -0.20830814E-19 -0.32185261E-19
     457.000 -0.20855247E-19 -0.99186049E-19
     458.000 -0.20781655E-19 -0.17827692E-18
     459.000 -0.20789894E-19 -0.24253545E-18
     460.000 -0.20892052E-19 -0.26841925E-18
     461.000 -0.20891413E-19 -0.24674289E-18
     462.000 -0.20772186E-19 -0.18096726E-18
     463.000 -0.20741057E-19 -0.80482666E-19
     464.000 -0.20816372E-19  0.41161739E-19
     465.000 -0.20787273E-19  0.16521621E-18
     466.000 -0.20646799E-19  0.27055198E-18
     467.000 -0.20628766E-19  0.33903830E-18
     468.000 -0.20745929E-19  0.35901997E-18
     469.000 -0.20754280E-19  0.32860039E-18
     470.000 -0.20644556E-19  0.26005432E-18
     471.000 -0.20674830E-19  0.17788610E-18
     472.000 -0.20845316E-19  0.10546711E-18
     473.000 -0.20871049E-19  0.51530696E-19
     474.000 -0.20748097E-19  0.11878377E-19
     475.000 -0.20777147E-19 -0.17473941E-19
     476.000 -0.20952023E-19 -0.34069331E-19
     477.000 -0.20942413E-19 -0.35704087E-19
     478.000 -0.20759752E-19 -0.27178566E-19
     479.000 -0.20767744E-19 -0.17463311E-19
     480.000 -0.20951742E-19 -0.13447269E-19
     481.000 -0.20915295E-19 -0.18113420E-19
     482.000 -0.20687607E-19 -0.30782305E-19
     483.000 -0.20716657E-19 -0.46101918E-19
     484.000 -0.20963773E-19 -0.55719981E-19
     485.000 -0.20920486E-19 -0.54421645E-19
     486.000 -0.20640510E-19 -0.43579343E-19
     487.000 -0.20715356E-19 -0.27231320E-19
     488.000 -0.21070643E-19 -0.74258376E-20
     489.000 -0.20987120E-19  0.14433115E-19
     490.000 -0.20554698E-19  0.34672715E-19
     491.000 -0.20697338E-19  0.49353460E-19
     492.000 -0.21315928E-19  0.57665235E-19
     493.000 -0.21046771E-19  0.60528402E-19
     494.000 -0.19922924E-19  0.57710249E-19
     495.000 -0.21273531E-19  0.49865740E-19
     496.000 -0.30292610E-19  0.42099915E-19
     497.000 -0.51455730E-19  0.41153300E-19
     498.000 -0.86569054E-19  0.48281547E-19
     499.000 -0.13204000E-18  0.57298638E-19
     500.000 -0.17654222E-18  0.59653549E-19
     501.000 -0.20434546E-18  0.49415379E-19
     502.000 -0.20424137E-18  0.24585600E-19
     503.000 -0.17493620E-18 -0.12082754E-19
     504.000 -0.12131157E-18 -0.52127635E-19
     505.000 -0.48857966E-19 -0.84190527E-19
     506.000  0.35093583E-19 -0.10012922E-18
     507.000  0.11761052E-18 -0.98087633E-19
     508.000  0.18317335E-18 -0.80257448E-19
     509.000  0.22132961E-18 -0.50450283E-19
     510.000  0.22925082E-18 -0.14656493E-19
     511.000  0.20860228E-18  0.19142759E-19
     512.000  0.16464108E-18  0.44806587E-19
     513.000  0.10813304E-18  0.61730614E-19
     514.000  0.52557451E-19  0.74043208E-19
     515.000  0.67680021E-20  0.86855988E-19
     516.000 -0.27072666E-19  0.10340845E-18
     517.000 -0.47998546E-19  0.12359318E-18
     518.000 -0.53391037E-19  0.14289400E-18
     519.000 -0.43851289E-19  0.15301628E-18
     520.000 -0.26696837E-19  0.14548768E-18
     521.000 -0.10915230E-19  0.11618492E-18
     522.000 -0.96425264E-21  0.67692007E-19
     523.000  0.18251260E-20  0.89276797E-20
     524.000 -0.48522237E-20 -0.47089364E-19
     525.000 -0.22182399E-19 -0.87280812E-19
     526.000 -0.45297126E-19 -0.10359097E-18
     527.000 -0.64970249E-19 -0.96047161E-19
     528.000 -0.74836502E-19 -0.71348541E-19
     529.000 -0.74571005E-19 -0.38516201E-19
     530.000 -0.66734083E-19 -0.53338418E-20
     531.000 -0.53934776E-19  0.22711933E-19
     532.000 -0.39276865E-19  0.42040195E-19
     533.000 -0.26147718E-19  0.50600836E-19
     534.000 -0.16038468E-19  0.48088889E-19
     535.000 -0.83293057E-20  0.36613275E-19
     536.000 -0.28754791E-20  0.20942407E-19
     537.000 -0.91744172E-21  0.71167677E-20
     538.000 -0.27473010E-20 -0.41735757E-21
     539.000 -0.63861516E-20 -0.96732411E-21
     540.000 -0.96729235E-20  0.29598555E-20
     541.000 -0.12337786E-19  0.82899850E-20
     542.000 -0.15150129E-19  0.13536456E-19
     543.000 -0.18296262E-19  0.18866940E-19
     544.000 -0.21553151E-19  0.24754898E-19
     545.000 -0.24963514E-19  0.30896651E-19
     546.000 -0.28221783E-19  0.36266338E-19
     547.000 -0.30045621E-19  0.39887321E-19
     548.000 -0.29095273E-19  0.41394042E-19
     549.000 -0.25170510E-19  0.40925018E-19
     550.000 -0.18972725E-19  0.38628941E-19
     551.000 -0.11250708E-19  0.34350999E-19
     552.000 -0.28609445E-20  0.27808220E-19
     553.000  0.47510790E-20  0.19119755E-19
     554.000  0.99333156E-20  0.92113957E-20
     555.000  0.11761913E-19 -0.37913432E-21
     556.000  0.10343571E-19 -0.82076672E-20
     557.000  0.64135677E-20 -0.13445804E-19
     558.000  0.10100954E-20 -0.15801182E-19
     559.000 -0.46100223E-20 -0.15298729E-19
     560.000 -0.92603587E-20 -0.12443909E-19
     561.000 -0.12334202E-19 -0.83829660E-20
     562.000 -0.13972230E-19 -0.44658186E-20
     563.000 -0.14600289E-19 -0.15922743E-20
     564.000 -0.14374086E-19 -0.11042439E-21
     565.000 -0.13332174E-19 -0.88572038E-22
     566.000 -0.12156003E-19 -0.13024869E-20
     567.000 -0.12391535E-19 -0.31330976E-20
     568.000 -0.15521125E-19 -0.48979103E-20
     569.000 -0.21908800E-19 -0.61471451E-20
     570.000 -0.30757895E-19 -0.62956964E-20
     571.000 -0.40511563E-19 -0.43725668E-20
     572.000 -0.48730226E-19  0.11010611E-21
     573.000 -0.52273585E-19  0.61500803E-20
     574.000 -0.48904733E-19  0.11831695E-19
     575.000 -0.38879859E-19  0.15910901E-19
     576.000 -0.24303255E-19  0.18248066E-19
     577.000 -0.72832034E-20  0.18848351E-19
     578.000  0.10242979E-19  0.17305921E-19
     579.000  0.25428427E-19  0.13218295E-19
     580.000  0.35198050E-19  0.63967502E-20
     581.000  0.38489845E-19 -0.32789578E-20
     582.000  0.36556647E-19 -0.15305198E-19
     583.000  0.30921786E-19 -0.27801248E-19
     584.000  0.22591842E-19 -0.38297707E-19
     585.000  0.13403087E-19 -0.45538013E-19
     586.000  0.59867957E-20 -0.49722636E-19
     587.000  0.14527508E-20 -0.50946125E-19
     588.000 -0.12151297E-20 -0.48519209E-19
     589.000 -0.26451100E-20 -0.42217422E-19
     590.000 -0.18069414E-20 -0.33238953E-19
     591.000  0.17429145E-20 -0.23479941E-19
     592.000  0.62827846E-20 -0.14624256E-19
     593.000  0.98815551E-20 -0.81048151E-20
     594.000  0.12046608E-19 -0.47946128E-20
     595.000  0.11965232E-19 -0.41433414E-20
     596.000  0.71247520E-20 -0.45030646E-20
     597.000 -0.42106820E-20 -0.48466541E-20
     598.000 -0.20354188E-19 -0.54111019E-20
     599.000 -0.37472234E-19 -0.63704467E-20
     600.000 -0.51997175E-19 -0.69949803E-20
     601.000 -0.60763335E-19 -0.67288814E-20
     602.000 -0.61658207E-19 -0.61026530E-20
     603.000 -0.56857115E-19 -0.58798880E-20
     604.000 -0.53414349E-19 -0.61433216E-20
     605.000 -0.57875259E-19 -0.68145454E-20
     606.000 -0.71898236E-19 -0.81338406E-20
     607.000 -0.95094841E-19 -0.99140742E-20
     608.000 -0.12830099E-18 -0.11195604E-19
     609.000 -0.16877751E-18 -0.11396258E-19
     610.000 -0.20391003E-18 -0.11038756E-19
     611.000 -0.21572052E-18 -0.10690505E-19
     612.000 -0.19289159E-18 -0.10031898E-19
     613.000 -0.13573726E-18 -0.86712676E-20
     614.000 -0.51450936E-19 -0.70094270E-20
     615.000  0.49514054E-19 -0.55244731E-20
     616.000  0.15246016E-18 -0.40348953E-20
     617.000  0.24102615E-18 -0.24778218E-20
     618.000  0.30441223E-18 -0.16096665E-20
     619.000  0.33897388E-18 -0.20702546E-20
     620.000  0.34219995E-18 -0.34464286E-20
     621.000  0.31124231E-18 -0.50405319E-20
     622.000  0.25068132E-18 -0.68368368E-20
     623.000  0.17632730E-18 -0.89250713E-20
     624.000  0.10575311E-18 -0.10726243E-19
     625.000  0.46940505E-19 -0.11650414E-19
     626.000 -0.81700693E-21 -0.11872081E-19
     627.000 -0.38657641E-19 -0.11688938E-19
     628.000 -0.65895219E-19 -0.10814562E-19
     629.000 -0.83543836E-19 -0.90854494E-20
     630.000 -0.94089205E-19 -0.71617427E-20
     631.000 -0.97605808E-19 -0.57301404E-20
     632.000 -0.92484452E-19 -0.46654735E-20
     633.000 -0.80598773E-19 -0.36735971E-20
     634.000 -0.68221540E-19 -0.30055571E-20
     635.000 -0.60909245E-19 -0.28264194E-20
     636.000 -0.59943483E-19 -0.27156718E-20
     637.000 -0.64030921E-19 -0.25700459E-20
     638.000 -0.71601023E-19 -0.31470256E-20
     639.000 -0.80443646E-19 -0.48975088E-20
     640.000 -0.87254394E-19 -0.71083006E-20
     641.000 -0.88690415E-19 -0.89768116E-20
     642.000 -0.81858399E-19 -0.10570933E-19
     643.000 -0.64113463E-19 -0.11907968E-19
     644.000 -0.34876364E-19 -0.12221433E-19
     645.000  0.13364539E-20 -0.11185818E-19
     646.000  0.35466264E-19 -0.97443801E-20
     647.000  0.59178319E-19 -0.85572046E-20
     648.000  0.69871179E-19 -0.68517144E-20
     649.000  0.71189623E-19 -0.43615219E-20
     650.000  0.69979100E-19 -0.34772204E-20
     651.000  0.72424613E-19 -0.78567023E-20
     652.000  0.80787809E-19 -0.19505478E-19
     653.000  0.92055810E-19 -0.38305460E-19
     654.000  0.99737428E-19 -0.62787262E-19
     655.000  0.97537425E-19 -0.88831935E-19
     656.000  0.81988467E-19 -0.10833857E-18
     657.000  0.53242917E-19 -0.11235775E-18
     658.000  0.15329859E-19 -0.96840245E-19
     659.000 -0.24143689E-19 -0.64369581E-19
     660.000 -0.56164453E-19 -0.20668516E-19
     661.000 -0.73716187E-19  0.28407378E-19
     662.000 -0.73952426E-19  0.76260502E-19
     663.000 -0.58247957E-19  0.11500090E-18
     664.000 -0.31285983E-19  0.13813232E-18
     665.000  0.12400706E-21  0.14366896E-18
     666.000  0.28660095E-19  0.13391206E-18
     667.000  0.48129583E-19  0.11307088E-18
     668.000  0.54698471E-19  0.86066449E-19
     669.000  0.48109137E-19  0.58460635E-19
     670.000  0.32433048E-19  0.35198122E-19
     671.000  0.14431536E-19  0.18502434E-19
     672.000 -0.39043221E-21  0.77889941E-20
     673.000 -0.10323120E-19  0.20875277E-20
     674.000 -0.16119575E-19  0.16657685E-20
     675.000 -0.18489620E-19  0.65036639E-20
     676.000 -0.17958986E-19  0.14041446E-19
     677.000 -0.16036619E-19  0.20035459E-19
     678.000 -0.14787448E-19  0.21819747E-19
     679.000 -0.15420541E-19  0.19527133E-19
     680.000 -0.18175421E-19  0.13990714E-19
     681.000 -0.22812172E-19  0.52961041E-20
     682.000 -0.27979895E-19 -0.54791019E-20
     683.000 -0.30964850E-19 -0.14774546E-19
     684.000 -0.29821910E-19 -0.18902752E-19
     685.000 -0.25541340E-19 -0.17407412E-19
     686.000 -0.20772870E-19 -0.12525496E-19
     687.000 -0.16787305E-19 -0.59880128E-20
     688.000 -0.13054306E-19  0.17999910E-20
     689.000 -0.92525171E-20  0.99968798E-20
     690.000 -0.58647199E-20  0.17129456E-19
     691.000 -0.28462360E-20  0.22818600E-19
     692.000  0.60179108E-21  0.27631146E-19
     693.000  0.47075757E-20  0.30935398E-19
     694.000  0.88583680E-20  0.30964375E-19
     695.000  0.12592446E-19  0.27523917E-19
     696.000  0.15422379E-19  0.22714546E-19
     697.000  0.15691504E-19  0.18368394E-19
     698.000  0.11269151E-19  0.14621430E-19
     699.000  0.18739632E-20  0.11613602E-19
     700.000 -0.10404292E-19  0.10544340E-19
     701.000 -0.23054906E-19  0.11980146E-19
     702.000 -0.34461323E-19  0.14763474E-19
     703.000 -0.43330601E-19  0.17627788E-19
     704.000 -0.48467191E-19  0.20538620E-19
     705.000 -0.49775780E-19  0.23769564E-19
     706.000 -0.48483272E-19  0.27278135E-19
     707.000 -0.45964901E-19  0.31785184E-19
     708.000 -0.43172889E-19  0.38759115E-19
     709.000 -0.41180615E-19  0.48226672E-19
     710.000 -0.40959290E-19  0.57873887E-19
     711.000 -0.42220388E-19  0.65081646E-19
     712.000 -0.43520686E-19  0.68544636E-19
     713.000 -0.43816064E-19  0.67421424E-19
     714.000 -0.42985282E-19  0.60708466E-19
     715.000 -0.40821853E-19  0.48464897E-19
     716.000 -0.36870440E-19  0.32338590E-19
     717.000 -0.31651554E-19  0.14244230E-19
     718.000 -0.26848063E-19 -0.41162066E-20
     719.000 -0.23777333E-19 -0.20207077E-19
     720.000 -0.22624419E-19 -0.31216076E-19
     721.000 -0.23414626E-19 -0.36530952E-19
     722.000 -0.26520634E-19 -0.38020702E-19
     723.000 -0.31721052E-19 -0.37199197E-19
     724.000 -0.37837822E-19 -0.33748859E-19
     725.000 -0.43810759E-19 -0.27256077E-19
     726.000 -0.49170520E-19 -0.18393118E-19
     727.000 -0.53120246E-19 -0.77225417E-20
     728.000 -0.54381389E-19  0.47323412E-20
     729.000 -0.52613321E-19  0.18055750E-19
     730.000 -0.48992956E-19  0.30387957E-19
     731.000 -0.44763925E-19  0.40740826E-19
     732.000 -0.40135428E-19  0.49012252E-19
     733.000 -0.35171618E-19  0.54121589E-19
     734.000 -0.30714949E-19  0.54497964E-19
     735.000 -0.27603247E-19  0.50704534E-19
     736.000 -0.25738504E-19  0.45145236E-19
     737.000 -0.24637176E-19  0.38890944E-19
     738.000 -0.24178381E-19  0.31262708E-19
     739.000 -0.24145831E-19  0.22561441E-19
     740.000 -0.23768497E-19  0.14295315E-19
     741.000 -0.22479459E-19  0.65928355E-20
     742.000 -0.20606496E-19 -0.14686193E-20
     743.000 -0.18738437E-19 -0.88070487E-20
     744.000 -0.16993949E-19 -0.12925523E-19
     745.000 -0.15462202E-19 -0.13699333E-19
     746.000 -0.14710998E-19 -0.13177852E-19
     747.000 -0.15184227E-19 -0.11823442E-19
     748.000 -0.16582896E-19 -0.89530161E-20
     749.000 -0.18409743E-19 -0.66998818E-20
     750.000 -0.20646157E-19 -0.88082682E-20
     751.000 -0.23370461E-19 -0.15155185E-19
     752.000 -0.26210487E-19 -0.22083159E-19
     753.000 -0.28733901E-19 -0.28177097E-19
     754.000 -0.30970063E-19 -0.34582009E-19
     755.000 -0.33060702E-19 -0.39877196E-19
     756.000 -0.34779763E-19 -0.40847258E-19
     757.000 -0.35809432E-19 -0.38513294E-19
     758.000 -0.36095619E-19 -0.36703335E-19
     759.000 -0.35589858E-19 -0.34556119E-19
     760.000 -0.34105828E-19 -0.28380127E-19
     761.000 -0.31804379E-19 -0.21827190E-19
     762.000 -0.29382213E-19 -0.25856019E-19
     763.000 -0.27433800E-19 -0.47510694E-19
     764.000 -0.26029371E-19 -0.87111406E-19
     765.000 -0.25149337E-19 -0.14491015E-18
     766.000 -0.24995035E-19 -0.21620852E-18
     767.000 -0.25569182E-19 -0.27836626E-18
     768.000 -0.26480522E-19 -0.30187713E-18
     769.000 -0.27482073E-19 -0.28465425E-18
     770.000 -0.28710755E-19 -0.25957897E-18
     771.000 -0.30141186E-19 -0.25378989E-18
     772.000 -0.31336088E-19 -0.25151691E-18
     773.000 -0.31948610E-19 -0.21070274E-18
     774.000 -0.31851840E-19 -0.10668587E-18
     775.000 -0.30564591E-19  0.51418678E-19
     776.000 -0.27343155E-19  0.23033839E-18
     777.000 -0.22306953E-19  0.37642807E-18
     778.000 -0.16862847E-19  0.42275247E-18
     779.000 -0.12581819E-19  0.32478551E-18
     780.000 -0.10176601E-19  0.95470373E-19
     781.000 -0.98422194E-20 -0.21115957E-18
     782.000 -0.11798416E-19 -0.54719600E-18
     783.000 -0.15884347E-19 -0.87808521E-18
     784.000 -0.21149347E-19 -0.11454010E-17
     785.000 -0.26426883E-19 -0.12605982E-17
     786.000 -0.31009179E-19 -0.11637485E-17
     787.000 -0.34491704E-19 -0.88141020E-18
     788.000 -0.36495404E-19 -0.51415887E-18
     789.000 -0.36938052E-19 -0.17227385E-18
     790.000 -0.36121241E-19  0.77064927E-19
     791.000 -0.34199570E-19  0.22500247E-18
     792.000 -0.30970765E-19  0.30859939E-18
     793.000 -0.26400392E-19  0.37878364E-18
     794.000 -0.20842689E-19  0.46255209E-18
     795.000 -0.14558387E-19  0.55116143E-18
     796.000 -0.76279194E-20  0.62557892E-18
     797.000 -0.59085334E-21  0.68390124E-18
     798.000  0.54477929E-20  0.73589864E-18
     799.000  0.96506546E-20  0.78025954E-18
     800.000  0.11907917E-19  0.80148217E-18
     801.000  0.12409935E-19  0.78852763E-18
     802.000  0.11477101E-19  0.74818743E-18
     803.000  0.99343308E-20  0.70032575E-18
     804.000  0.88117744E-20  0.66374460E-18
     805.000  0.83637989E-20  0.64251663E-18
     806.000  0.80446197E-20  0.62159096E-18
     807.000  0.75643339E-20  0.58125369E-18
     808.000  0.71408334E-20  0.52128380E-18
     809.000  0.66105074E-20  0.46459098E-18
     810.000  0.53249474E-20  0.43040334E-18
     811.000  0.32383297E-20  0.41032516E-18
     812.000  0.11452616E-20  0.37886793E-18
     813.000 -0.46089906E-21  0.32131914E-18
     814.000 -0.18126279E-20  0.24134074E-18
     815.000 -0.29144985E-20  0.14657409E-18
     816.000 -0.32524642E-20  0.40195313E-19
     817.000 -0.27967306E-20 -0.72810534E-19
     818.000 -0.22235700E-20 -0.18177724E-18
     819.000 -0.18031040E-20 -0.27652762E-18
     820.000 -0.11621561E-20 -0.35278517E-18
     821.000 -0.42434854E-21 -0.41191909E-18
     822.000 -0.33593774E-21 -0.46098807E-18
     823.000 -0.92601056E-21 -0.51165344E-18
     824.000 -0.13642071E-20 -0.57109572E-18
     825.000 -0.14756540E-20 -0.63193583E-18
     826.000 -0.19371486E-20 -0.67597094E-18
     827.000 -0.26860979E-20 -0.68918702E-18
     828.000 -0.30043609E-20 -0.67024975E-18
     829.000 -0.39175380E-20 -0.62627865E-18
     830.000 -0.87370505E-20 -0.56643418E-18
     831.000 -0.20218409E-19 -0.49972065E-18
     832.000 -0.38402202E-19 -0.43271681E-18
     833.000 -0.61256296E-19 -0.36651502E-18
     834.000 -0.84874562E-19 -0.29818663E-18
     835.000 -0.10227963E-18 -0.22535797E-18
     836.000 -0.10530958E-18 -0.14668887E-18
     837.000 -0.90283729E-19 -0.59407726E-19
     838.000 -0.60378485E-19  0.38375430E-19
     839.000 -0.21239275E-19  0.14197830E-18
     840.000  0.23053115E-19  0.24063361E-18
     841.000  0.67716271E-19  0.32504501E-18
     842.000  0.10442659E-18  0.39244743E-18
     843.000  0.12506014E-18  0.44473890E-18
     844.000  0.12754237E-18  0.48497232E-18
     845.000  0.11548624E-18  0.51590901E-18
     846.000  0.93825950E-19  0.53876638E-18
     847.000  0.68113046E-19  0.55219335E-18
     848.000  0.46254401E-19  0.55386105E-18
     849.000  0.35822567E-19  0.54255441E-18
     850.000  0.38557697E-19  0.51687502E-18
     851.000  0.50134350E-19  0.47340596E-18
     852.000  0.65138651E-19  0.40979755E-18
     853.000  0.79138973E-19  0.32982730E-18
     854.000  0.86185544E-19  0.24256501E-18
     855.000  0.78866100E-19  0.15613283E-18
     856.000  0.53415370E-19  0.74385654E-19
     857.000  0.13239765E-19 -0.64052874E-21
     858.000 -0.33492632E-19 -0.66193741E-19
     859.000 -0.78064504E-19 -0.11994384E-18
     860.000 -0.11282441E-18 -0.16190262E-18
     861.000 -0.13168249E-18 -0.19413246E-18
     862.000 -0.13177054E-18 -0.21919961E-18
     863.000 -0.11492020E-18 -0.23891608E-18
     864.000 -0.87199003E-19 -0.25357136E-18
     865.000 -0.56844610E-19 -0.26215069E-18
     866.000 -0.31247496E-19 -0.26379537E-18
     867.000 -0.13988013E-19 -0.25903770E-18
     868.000 -0.44141950E-20 -0.24961870E-18
     869.000 -0.34802742E-21 -0.23767401E-18
     870.000 -0.22624942E-21 -0.22483302E-18
     871.000 -0.23344315E-20 -0.21082324E-18
     872.000 -0.44069571E-20 -0.19301659E-18
     873.000 -0.58352671E-20 -0.16894326E-18
     874.000 -0.83328594E-20 -0.13921078E-18
     875.000 -0.12509617E-19 -0.10603240E-18
     876.000 -0.15977972E-19 -0.69141482E-19
     877.000 -0.16969743E-19 -0.26140130E-19
     878.000 -0.17120136E-19  0.22406343E-19
     879.000 -0.17944604E-19  0.71263159E-19
     880.000 -0.17650094E-19  0.11542415E-18
     881.000 -0.15021794E-19  0.15437650E-18
     882.000 -0.13354216E-19  0.19011637E-18
     883.000 -0.16211949E-19  0.22318542E-18
     884.000 -0.22234068E-19  0.25211730E-18
     885.000 -0.28656786E-19  0.27469042E-18
     886.000 -0.36306575E-19  0.28824519E-18
     887.000 -0.45386438E-19  0.29065128E-18
     888.000 -0.50433965E-19  0.28231631E-18
     889.000 -0.47413290E-19  0.26561183E-18
     890.000 -0.43455106E-19  0.24153907E-18
     891.000 -0.51931399E-19  0.20910003E-18
     892.000 -0.80244891E-19  0.16890242E-18
     893.000 -0.12929154E-18  0.12508512E-18
     894.000 -0.19841510E-18  0.82327661E-19
     895.000 -0.27787016E-18  0.42623592E-19
     896.000 -0.34144088E-18  0.57422069E-20
     897.000 -0.36574912E-18 -0.29024913E-19
     898.000 -0.35891717E-18 -0.62208697E-19
     899.000 -0.35050530E-18 -0.93383766E-19
     900.000 -0.34505759E-18 -0.12071999E-18
     901.000 -0.30309299E-18 -0.14312870E-18
     902.000 -0.18190232E-18 -0.16238823E-18
     903.000  0.13152295E-19 -0.18032738E-18
     904.000  0.22382079E-18 -0.19399918E-18
     905.000  0.37176334E-18 -0.19685592E-18
     906.000  0.39127305E-18 -0.18538893E-18
     907.000  0.25483692E-18 -0.16227867E-18
     908.000 -0.84502841E-20 -0.13300702E-18
     909.000 -0.32746158E-18 -0.10181954E-18
     910.000 -0.63941824E-18 -0.70572777E-19
     911.000 -0.91741362E-18 -0.38653573E-19
     912.000 -0.11340757E-17 -0.41547624E-20
     913.000 -0.12204097E-17  0.32732343E-19
     914.000 -0.11025723E-17  0.68673650E-19
     915.000 -0.78684534E-18  0.10177836E-18
     916.000 -0.37982528E-18  0.13494540E-18
     917.000 -0.10435229E-19  0.17157807E-18
     918.000  0.25517602E-18  0.21045892E-18
     919.000  0.42365379E-18  0.24758967E-18
     920.000  0.53189552E-18  0.27880756E-18
     921.000  0.61319080E-18  0.29702935E-18
     922.000  0.68545370E-18  0.29355147E-18
     923.000  0.74821164E-18  0.26847215E-18
     924.000  0.79321159E-18  0.23220264E-18
     925.000  0.82625230E-18  0.18651367E-18
     926.000  0.86802386E-18  0.11046917E-18
     927.000  0.92304104E-18 -0.21828301E-19
     928.000  0.96124330E-18 -0.21214100E-18
     929.000  0.94799442E-18 -0.43571446E-18
     930.000  0.88576069E-18 -0.65811580E-18
     931.000  0.80947516E-18 -0.83696964E-18
     932.000  0.74403866E-18 -0.91638103E-18
     933.000  0.68268651E-18 -0.85030728E-18
     934.000  0.60766325E-18 -0.64123481E-18
     935.000  0.51670530E-18 -0.33901213E-18
     936.000  0.42237993E-18  0.12801223E-20
     937.000  0.33318982E-18  0.33959103E-18
     938.000  0.24162051E-18  0.62901077E-18
     939.000  0.12972270E-18  0.80998389E-18
     940.000 -0.13220291E-19  0.85149882E-18
     941.000 -0.17610462E-18  0.78143982E-18
     942.000 -0.33110335E-18  0.65680045E-18
     943.000 -0.45670052E-18  0.51817108E-18
     944.000 -0.55323711E-18  0.38879007E-18
     945.000 -0.63332906E-18  0.29471714E-18
     946.000 -0.70321375E-18  0.25319740E-18
     947.000 -0.76014383E-18  0.24816751E-18
     948.000 -0.80283347E-18  0.24551740E-18
     949.000 -0.83432489E-18  0.23188623E-18
     950.000 -0.85445909E-18  0.21675075E-18
     951.000 -0.85625877E-18  0.19977481E-18
     952.000 -0.83028361E-18  0.16208349E-18
     953.000 -0.76906895E-18  0.93462850E-19
     954.000 -0.67062880E-18  0.59709936E-20
     955.000 -0.54402834E-18 -0.85828300E-19
     956.000 -0.40928818E-18 -0.17921804E-18
     957.000 -0.28438737E-18 -0.27007255E-18
     958.000 -0.17202675E-18 -0.34181506E-18
     959.000 -0.63512257E-19 -0.37861615E-18
     960.000  0.46838166E-19 -0.37982874E-18
     961.000  0.15744522E-18 -0.35361363E-18
     962.000  0.26707123E-18 -0.30482157E-18
     963.000  0.37776744E-18 -0.23652067E-18
     964.000  0.48839413E-18 -0.15735859E-18
     965.000  0.59074840E-18 -0.80696839E-19
     966.000  0.67377964E-18 -0.18264611E-19
     967.000  0.72855982E-18  0.23980039E-19
     968.000  0.75034067E-18  0.46570570E-19
     969.000  0.74055002E-18  0.52647229E-19
     970.000  0.70612081E-18  0.41440054E-19
     971.000  0.65233363E-18  0.10846884E-19
     972.000  0.57748993E-18 -0.28478015E-19
     973.000  0.47942121E-18 -0.48973759E-19
     974.000  0.36527268E-18 -0.25389309E-19
     975.000  0.24839921E-18  0.46488253E-19
     976.000  0.13645914E-18  0.15588821E-18
     977.000  0.29447902E-19  0.28826352E-18
     978.000 -0.70570854E-19  0.41455685E-18
     979.000 -0.15556129E-18  0.48165049E-18
     980.000 -0.21981257E-18  0.44178165E-18
     981.000 -0.26637199E-18  0.29717562E-18
     982.000 -0.30243692E-18  0.10022317E-18
     983.000 -0.33259719E-18 -0.91147905E-19
     984.000 -0.35856698E-18 -0.24322706E-18
     985.000 -0.38103422E-18 -0.33738554E-18
     986.000 -0.39876533E-18 -0.35900898E-18
     987.000 -0.40870049E-18 -0.30400247E-18
     988.000 -0.40892540E-18 -0.17599407E-18
     989.000 -0.39895823E-18  0.30749571E-19
     990.000 -0.37585615E-18  0.32402435E-18
     991.000 -0.33376417E-18  0.67736867E-18
     992.000 -0.27076759E-18  0.10217507E-17
     993.000 -0.19514235E-18  0.12907354E-17
     994.000 -0.12222484E-18  0.14571505E-17
     995.000 -0.64112932E-19  0.15043698E-17
     996.000 -0.22053937E-19  0.13765583E-17
     997.000  0.11708087E-19  0.99283376E-18
     998.000  0.44890334E-19  0.32700252E-18
     999.000  0.78498015E-19 -0.53006090E-18
    1000.000  0.10994631E-18 -0.13863105E-17
