 TIME             sta1            sta2      
       0.000  0.00000000E+00  0.00000000E+00
       1.000  0.37663917E-09 -0.52989345E-08
       2.000 -0.21908868E-08 -0.96920165E-08
       3.000 -0.15024820E-08 -0.11122520E-07
       4.000  0.22831360E-07 -0.13331230E-07
       5.000  0.10329863E-06 -0.18138441E-07
       6.000  0.27161721E-06 -0.21248691E-07
       7.000  0.54257886E-06 -0.20310403E-07
       8.000  0.90850838E-06 -0.19080196E-07
       9.000  0.13467517E-05 -0.19262564E-07
      10.000  0.18274404E-05 -0.16548446E-07
      11.000  0.23143351E-05 -0.91474042E-08
      12.000  0.27674047E-05 -0.18841299E-08
      13.000  0.31528567E-05  0.24982046E-08
      14.000  0.34511802E-05  0.76452192E-08
      15.000  0.36565751E-05  0.15071997E-07
      16.000  0.37760754E-05  0.20114970E-07
      17.000  0.38323279E-05  0.20718166E-07
      18.000  0.38579443E-05  0.21522671E-07
      19.000  0.38775268E-05  0.24897828E-07
      20.000  0.38970511E-05  0.26670424E-07
      21.000  0.39144237E-05  0.24985810E-07
      22.000  0.39336836E-05  0.24448076E-07
      23.000  0.39613668E-05  0.27139072E-07
      24.000  0.39944696E-05  0.28488868E-07
      25.000  0.40217228E-05  0.26320672E-07
      26.000  0.40347339E-05  0.24946198E-07
      27.000  0.40303077E-05  0.26096112E-07
      28.000  0.40046938E-05  0.25016339E-07
      29.000  0.39549593E-05  0.19836369E-07
      30.000  0.38862985E-05  0.15583688E-07
      31.000  0.38108803E-05  0.14723947E-07
      32.000  0.37388959E-05  0.13058820E-07
      33.000  0.36756164E-05  0.90881124E-08
      34.000  0.36253971E-05  0.78253972E-08
      35.000  0.35915414E-05  0.11060982E-07
      36.000  0.35720501E-05  0.13413063E-07
      37.000  0.35611859E-05  0.12251356E-07
      38.000  0.35556058E-05  0.11939446E-07
      39.000  0.35548658E-05  0.14208532E-07
      40.000  0.35571918E-05  0.14254347E-07
      41.000  0.35597672E-05  0.10596998E-07
      42.000  0.35623242E-05  0.88555977E-08
      43.000  0.35658724E-05  0.11449741E-07
      44.000  0.35690495E-05  0.13406858E-07
      45.000  0.35701555E-05  0.12444730E-07
      46.000  0.35712512E-05  0.13119440E-07
      47.000  0.35756596E-05  0.16901179E-07
      48.000  0.35829875E-05  0.18420244E-07
      49.000  0.35909814E-05  0.15789064E-07
      50.000  0.36001884E-05  0.14457732E-07
      51.000  0.36119590E-05  0.16732360E-07
      52.000  0.36239358E-05  0.17723831E-07
      53.000  0.36326285E-05  0.15605636E-07
      54.000  0.36386582E-05  0.15352926E-07
      55.000  0.36445908E-05  0.18334275E-07
      56.000  0.36496360E-05  0.18866170E-07
      57.000  0.36515354E-05  0.15127836E-07
      58.000  0.36515933E-05  0.12831139E-07
      59.000  0.36525580E-05  0.14191711E-07
      60.000  0.36534293E-05  0.14128148E-07
      61.000  0.36516048E-05  0.11186849E-07
      62.000  0.36482782E-05  0.11031723E-07
      63.000  0.36464599E-05  0.15111643E-07
      64.000  0.36455216E-05  0.17120873E-07
      65.000  0.36429692E-05  0.14734885E-07
      66.000  0.36397428E-05  0.13582339E-07
      67.000  0.36384195E-05  0.15674880E-07
      68.000  0.36379718E-05  0.15475561E-07
      69.000  0.36356586E-05  0.11505998E-07
      70.000  0.36323954E-05  0.10128337E-07
      71.000  0.36309757E-05  0.13498778E-07
      72.000  0.36307155E-05  0.15366492E-07
      73.000  0.36291341E-05  0.13176538E-07
      74.000  0.36271776E-05  0.12937525E-07
      75.000  0.36274463E-05  0.18034618E-07
      76.000  0.36289364E-05  0.24849034E-07
      77.000  0.36288325E-05  0.33486076E-07
      78.000  0.36278483E-05  0.50878026E-07
      79.000  0.36285605E-05  0.78619078E-07
      80.000  0.36301626E-05  0.10879191E-06
      81.000  0.36301223E-05  0.13558112E-06
      82.000  0.36293304E-05  0.15966579E-06
      83.000  0.36303574E-05  0.17801323E-06
      84.000  0.36322997E-05  0.18185740E-06
      85.000  0.36325697E-05  0.16909438E-06
      86.000  0.36320514E-05  0.14733290E-06
      87.000  0.36332361E-05  0.12144989E-06
      88.000  0.36349870E-05  0.89869470E-07
      89.000  0.36344337E-05  0.55655886E-07
      90.000  0.36323572E-05  0.28201162E-07
      91.000  0.36314835E-05  0.10304242E-07
      92.000  0.36312117E-05 -0.41547171E-08
      93.000  0.36293230E-05 -0.16940880E-07
      94.000  0.36271693E-05 -0.22694516E-07
      95.000  0.36278322E-05 -0.21830856E-07
      96.000  0.36307700E-05 -0.22539121E-07
      97.000  0.36334939E-05 -0.26899153E-07
      98.000  0.36367944E-05 -0.28493559E-07
      99.000  0.36430026E-05 -0.26580194E-07
     100.000  0.36507457E-05 -0.28612402E-07
     101.000  0.36566965E-05 -0.35636442E-07
     102.000  0.36609025E-05 -0.39376999E-07
     103.000  0.36652567E-05 -0.37059978E-07
     104.000  0.36684853E-05 -0.34965346E-07
     105.000  0.36679482E-05 -0.34228514E-07
     106.000  0.36647631E-05 -0.27782741E-07
     107.000  0.36619738E-05 -0.14862545E-07
     108.000  0.36593158E-05 -0.39795988E-08
     109.000  0.36548536E-05  0.20328906E-08
     110.000  0.36499370E-05  0.95247996E-08
     111.000  0.36473166E-05  0.19513775E-07
     112.000  0.36461111E-05  0.24545930E-07
     113.000  0.36437521E-05  0.23364145E-07
     114.000  0.36410544E-05  0.23821148E-07
     115.000  0.36402494E-05  0.27809626E-07
     116.000  0.36399869E-05  0.28125484E-07
     117.000  0.36375380E-05  0.23471838E-07
     118.000  0.36340232E-05  0.21479213E-07
     119.000  0.36322461E-05  0.23641091E-07
     120.000  0.36313598E-05  0.22465252E-07
     121.000  0.36289628E-05  0.16685087E-07
     122.000  0.36264215E-05  0.13927035E-07
     123.000  0.36266936E-05  0.15277368E-07
     124.000  0.36288299E-05  0.12796936E-07
     125.000  0.36300062E-05  0.53319453E-08
     126.000  0.36310054E-05  0.10640245E-08
     127.000  0.36342414E-05  0.15349851E-08
     128.000  0.36383416E-05 -0.87665880E-09
     129.000  0.36402174E-05 -0.68825500E-08
     130.000  0.36406330E-05 -0.80126596E-08
     131.000  0.36422782E-05 -0.31183327E-08
     132.000  0.36442477E-05 -0.72226392E-09
     133.000  0.36439263E-05 -0.22994038E-08
     134.000  0.36424470E-05  0.10900795E-09
     135.000  0.36427496E-05  0.70797357E-08
     136.000  0.36440452E-05  0.96210849E-08
     137.000  0.36436514E-05  0.63758419E-08
     138.000  0.36424550E-05  0.58875173E-08
     139.000  0.36431000E-05  0.92274454E-08
     140.000  0.36446217E-05  0.77872268E-08
     141.000  0.36443170E-05  0.88697499E-09
     142.000  0.36430608E-05 -0.20827341E-08
     143.000  0.36433551E-05  0.40293978E-09
     144.000  0.36440355E-05 -0.26175117E-09
     145.000  0.36423707E-05 -0.48177060E-08
     146.000  0.36395008E-05 -0.40537780E-08
     147.000  0.36383756E-05  0.28714665E-08
     148.000  0.36382631E-05  0.63430851E-08
     149.000  0.36367233E-05  0.48835442E-08
     150.000  0.36349713E-05  0.73182730E-08
     151.000  0.36357389E-05  0.14113504E-07
     152.000  0.36378091E-05  0.15424920E-07
     153.000  0.36381921E-05  0.10155266E-07
     154.000  0.36377176E-05  0.79926428E-08
     155.000  0.36389658E-05  0.10174151E-07
     156.000  0.36407545E-05  0.74356118E-08
     157.000  0.36402961E-05 -0.66779345E-09
     158.000  0.36387687E-05 -0.39176750E-08
     159.000  0.36391027E-05 -0.10782486E-08
     160.000  0.36402764E-05 -0.17293766E-08
     161.000  0.36394446E-05 -0.64660191E-08
     162.000  0.36376579E-05 -0.52691589E-08
     163.000  0.36377845E-05  0.23362543E-08
     164.000  0.36388252E-05  0.57127689E-08
     165.000  0.36380288E-05  0.35927712E-08
     166.000  0.36366141E-05  0.56749838E-08
     167.000  0.36376322E-05  0.12035215E-07
     168.000  0.36401378E-05  0.11853004E-07
     169.000  0.36411828E-05  0.45421558E-08
     170.000  0.36415445E-05  0.10980710E-08
     171.000  0.36437282E-05  0.26563566E-08
     172.000  0.36463524E-05 -0.93333984E-09
     173.000  0.36463325E-05 -0.95851972E-08
     174.000  0.36446668E-05 -0.11856742E-07
     175.000  0.36443518E-05 -0.69874401E-08
     176.000  0.36446315E-05 -0.60996830E-08
     177.000  0.36430169E-05 -0.99074901E-08
     178.000  0.36408174E-05 -0.75298120E-08
     179.000  0.36408661E-05  0.10573273E-08
     180.000  0.36420204E-05  0.40853990E-08
     181.000  0.36418821E-05  0.88131600E-09
     182.000  0.36427943E-05  0.27620848E-08
     183.000  0.36491444E-05  0.98399989E-08
     184.000  0.36608033E-05  0.10267719E-07
     185.000  0.36750026E-05  0.38363205E-08
     186.000  0.36921173E-05  0.26456935E-08
     187.000  0.37131886E-05  0.70675498E-08
     188.000  0.37339594E-05  0.50421082E-08
     189.000  0.37479352E-05 -0.35687734E-08
     190.000  0.37536642E-05 -0.62803477E-08
     191.000  0.37531383E-05 -0.25625394E-08
     192.000  0.37455148E-05 -0.43812815E-08
     193.000  0.37291083E-05 -0.11302541E-07
     194.000  0.37075554E-05 -0.10189378E-07
     195.000  0.36871729E-05 -0.69612923E-09
     196.000  0.36696129E-05  0.42217190E-08
     197.000  0.36531912E-05  0.38791258E-08
     198.000  0.36393890E-05  0.10159205E-07
     199.000  0.36313692E-05  0.21780521E-07
     200.000  0.36277334E-05  0.24596653E-07
     201.000  0.36243669E-05  0.18246882E-07
     202.000  0.36211082E-05  0.16119716E-07
     203.000  0.36204041E-05  0.18476854E-07
     204.000  0.36210157E-05  0.12573101E-07
     205.000  0.36194220E-05 -0.30894593E-09
     206.000  0.36159924E-05 -0.54715170E-08
     207.000  0.36136424E-05 -0.25606777E-08
     208.000  0.36119978E-05 -0.50206578E-08
     209.000  0.36090012E-05 -0.12129449E-07
     210.000  0.36065466E-05 -0.99491316E-08
     211.000  0.36082637E-05  0.20091403E-09
     212.000  0.36132986E-05  0.31123752E-08
     213.000  0.36182743E-05 -0.10350333E-08
     214.000  0.36235184E-05  0.19143363E-08
     215.000  0.36312275E-05  0.10348331E-07
     216.000  0.36395004E-05  0.87175285E-08
     217.000  0.36445970E-05 -0.17702173E-08
     218.000  0.36472900E-05 -0.49246321E-08
     219.000  0.36507338E-05 -0.97802307E-09
     220.000  0.36540419E-05 -0.49816650E-08
     221.000  0.36543484E-05 -0.15118216E-07
     222.000  0.36531614E-05 -0.14737302E-07
     223.000  0.36540832E-05 -0.49395397E-08
     224.000  0.36561546E-05 -0.25766017E-08
     225.000  0.36559928E-05 -0.69890473E-08
     226.000  0.36545249E-05 -0.19204764E-08
     227.000  0.36549492E-05  0.10806903E-07
     228.000  0.36560241E-05  0.13495508E-07
     229.000  0.36541867E-05  0.70234154E-08
     230.000  0.36504661E-05  0.86247326E-08
     231.000  0.36485308E-05  0.16856049E-07
     232.000  0.36477699E-05  0.13988801E-07
     233.000  0.36451412E-05  0.17480532E-08
     234.000  0.36419494E-05 -0.11898057E-08
     235.000  0.36417800E-05  0.43446461E-08
     236.000  0.36434615E-05  0.50059603E-09
     237.000  0.36430508E-05 -0.10708026E-07
     238.000  0.36410826E-05 -0.10306672E-07
     239.000  0.36409245E-05 -0.77078335E-10
     240.000  0.36417673E-05  0.54913005E-09
     241.000  0.36403684E-05 -0.69880429E-08
     242.000  0.36380289E-05 -0.36116224E-08
     243.000  0.36386341E-05  0.82373531E-08
     244.000  0.36413039E-05  0.82607804E-08
     245.000  0.36420642E-05 -0.15727640E-08
     246.000  0.36412171E-05 -0.88875660E-09
     247.000  0.36419620E-05  0.81041850E-08
     248.000  0.36433843E-05  0.47419583E-08
     249.000  0.36421013E-05 -0.82098321E-08
     250.000  0.36393700E-05 -0.90313656E-08
     251.000  0.36393168E-05  0.20982442E-11
     252.000  0.36415149E-05 -0.27041095E-08
     253.000  0.36423884E-05 -0.14168329E-07
     254.000  0.36423689E-05 -0.11870095E-07
     255.000  0.36444406E-05  0.12228872E-08
     256.000  0.36472197E-05  0.19390302E-08
     257.000  0.36468669E-05 -0.70017530E-08
     258.000  0.36444031E-05 -0.26111401E-08
     259.000  0.36438686E-05  0.11154777E-07
     260.000  0.36448116E-05  0.95289590E-08
     261.000  0.36438936E-05 -0.43328222E-08
     262.000  0.36421671E-05 -0.55333478E-08
     263.000  0.36431757E-05  0.27145934E-08
     264.000  0.36455068E-05 -0.43704892E-08
     265.000  0.36449324E-05 -0.22071332E-07
     266.000  0.36423529E-05 -0.23335579E-07
     267.000  0.36419227E-05 -0.11596556E-07
     268.000  0.36430010E-05 -0.13541395E-07
     269.000  0.36418933E-05 -0.24992267E-07
     270.000  0.36398686E-05 -0.18590306E-07
     271.000  0.36411703E-05  0.57246844E-09
     272.000  0.36445090E-05  0.32079825E-08
     273.000  0.36449684E-05 -0.66505198E-08
     274.000  0.36433115E-05 -0.10385078E-09
     275.000  0.36452125E-05  0.17524087E-07
     276.000  0.36523997E-05  0.15713021E-07
     277.000  0.36628112E-05 -0.24901293E-09
     278.000  0.36782182E-05  0.12346321E-08
     279.000  0.37027136E-05  0.15051398E-07
     280.000  0.37338539E-05  0.92965096E-08
     281.000  0.37634271E-05 -0.97405542E-08
     282.000  0.37866128E-05 -0.81633213E-08
     283.000  0.38027743E-05  0.81983464E-08
     284.000  0.38085744E-05  0.48337440E-08
     285.000  0.37992564E-05 -0.11854637E-07
     286.000  0.37767317E-05 -0.62683374E-08
     287.000  0.37484555E-05  0.14325727E-07
     288.000  0.37185567E-05  0.12343926E-07
     289.000  0.36874244E-05 -0.51930760E-08
     290.000  0.36586518E-05  0.11616284E-09
     291.000  0.36377883E-05  0.20231518E-07
     292.000  0.36246364E-05  0.14767732E-07
     293.000  0.36146781E-05 -0.79118981E-08
     294.000  0.36073407E-05 -0.56078537E-08
     295.000  0.36050926E-05  0.13161717E-07
     296.000  0.36057831E-05  0.49593267E-08
     297.000  0.36043533E-05 -0.20354943E-07
     298.000  0.36010677E-05 -0.16569079E-07
     299.000  0.35997411E-05  0.64367531E-08
     300.000  0.35992207E-05  0.65393174E-09
     301.000  0.35953556E-05 -0.23177332E-07
     302.000  0.35900325E-05 -0.14763603E-07
     303.000  0.35891979E-05  0.13982323E-07
     304.000  0.35930441E-05  0.95794936E-08
     305.000  0.35971484E-05 -0.15753607E-07
     306.000  0.36019266E-05 -0.62360190E-08
     307.000  0.36114055E-05  0.24207179E-07
     308.000  0.36237343E-05  0.15938983E-07
     309.000  0.36326998E-05 -0.16195036E-07
     310.000  0.36379375E-05 -0.87825557E-08
     311.000  0.36440725E-05  0.22256451E-07
     312.000  0.36506702E-05  0.98253863E-08
     313.000  0.36529636E-05 -0.27710408E-07
     314.000  0.36517875E-05 -0.17438720E-07
     315.000  0.36526450E-05  0.21055858E-07
     316.000  0.36553711E-05  0.94249422E-08
     317.000  0.36547863E-05 -0.30535470E-07
     318.000  0.36511370E-05 -0.14040938E-07
     319.000  0.36496908E-05  0.33707230E-07
     320.000  0.36503629E-05  0.18895530E-07
     321.000  0.36480688E-05 -0.30514615E-07
     322.000  0.36430878E-05 -0.10783139E-07
     323.000  0.36406713E-05  0.45653229E-07
     324.000  0.36405739E-05  0.21511690E-07
     325.000  0.36374657E-05 -0.45404076E-07
     326.000  0.36315925E-05 -0.19174095E-07
     327.000  0.36284892E-05  0.56238403E-07
     328.000  0.36282854E-05  0.18571606E-07
     329.000  0.36259819E-05 -0.79112328E-07
     330.000  0.36221509E-05 -0.28682092E-07
     331.000  0.36224374E-05  0.10726311E-06
     332.000  0.36264950E-05  0.22991942E-07
     333.000  0.36284064E-05 -0.20917299E-06
     334.000  0.36279920E-05  0.18806949E-06
     335.000  0.36305189E-05  0.22985924E-05
     336.000  0.36353104E-05  0.69839054E-05
     337.000  0.36361586E-05  0.14536561E-04
     338.000  0.36331130E-05  0.24119901E-04
     339.000  0.36322576E-05  0.33301060E-04
     340.000  0.36337338E-05  0.38833379E-04
     341.000  0.36318305E-05  0.38540137E-04
     342.000  0.36270584E-05  0.32302171E-04
     343.000  0.36259806E-05  0.21158227E-04
     344.000  0.36287729E-05  0.62134656E-05
     345.000  0.36292312E-05 -0.11002423E-04
     346.000  0.36274139E-05 -0.27842759E-04
     347.000  0.36296877E-05 -0.41321757E-04
     348.000  0.36357881E-05 -0.49613469E-04
     349.000  0.36386472E-05 -0.52287736E-04
     350.000  0.36376514E-05 -0.49507359E-04
     351.000  0.36390949E-05 -0.41961235E-04
     352.000  0.36428766E-05 -0.31447871E-04
     353.000  0.36420815E-05 -0.20401654E-04
     354.000  0.36366038E-05 -0.10476062E-04
     355.000  0.36337038E-05 -0.22245941E-05
     356.000  0.36341016E-05  0.38143268E-05
     357.000  0.36311878E-05  0.67531703E-05
     358.000  0.36249998E-05  0.65011227E-05
     359.000  0.36229799E-05  0.43941158E-05
     360.000  0.36256976E-05  0.20489456E-05
     361.000  0.36260012E-05  0.20256869E-06
     362.000  0.36235507E-05 -0.79854965E-06
     363.000  0.36257093E-05 -0.17464144E-06
     364.000  0.36326515E-05  0.26198680E-05
     365.000  0.36362932E-05  0.67251359E-05
     366.000  0.36354375E-05  0.10288075E-04
     367.000  0.36370290E-05  0.12048514E-04
     368.000  0.36409729E-05  0.11966950E-04
     369.000  0.36391824E-05  0.10513986E-04
     370.000  0.36314275E-05  0.81273631E-05
     371.000  0.36265129E-05  0.53761472E-05
     372.000  0.36259470E-05  0.28878898E-05
     373.000  0.36223405E-05  0.83298816E-06
     374.000  0.36157167E-05 -0.10637008E-05
     375.000  0.36148751E-05 -0.28480554E-05
     376.000  0.36204270E-05 -0.41136490E-05
     377.000  0.36231676E-05 -0.45908443E-05
     378.000  0.36215141E-05 -0.45138353E-05
     379.000  0.36236036E-05 -0.42038826E-05
     380.000  0.36299032E-05 -0.36747246E-05
     381.000  0.36313010E-05 -0.28715166E-05
     382.000  0.36270095E-05 -0.19602273E-05
     383.000  0.36265816E-05 -0.11316134E-05
     384.000  0.36314924E-05 -0.38378831E-06
     385.000  0.36327724E-05  0.27429025E-06
     386.000  0.36295222E-05  0.63231530E-06
     387.000  0.36311325E-05  0.50337141E-06
     388.000  0.36382816E-05 -0.50089412E-07
     389.000  0.36407494E-05 -0.87976922E-06
     390.000  0.36370841E-05 -0.19291576E-05
     391.000  0.36370929E-05 -0.30712477E-05
     392.000  0.36418928E-05 -0.39828392E-05
     393.000  0.36414642E-05 -0.43986463E-05
     394.000  0.36350757E-05 -0.43501362E-05
     395.000  0.36336037E-05 -0.40010807E-05
     396.000  0.36383253E-05 -0.34285028E-05
     397.000  0.36383845E-05 -0.27327840E-05
     398.000  0.36325293E-05 -0.21586817E-05
     399.000  0.36316845E-05 -0.18780591E-05
     400.000  0.36366304E-05 -0.17941940E-05
     401.000  0.36355675E-05 -0.17575997E-05
     402.000  0.36274040E-05 -0.18174238E-05
     403.000  0.36243996E-05 -0.20361832E-05
     404.000  0.36280161E-05 -0.21955946E-05
     405.000  0.36259869E-05 -0.19299252E-05
     406.000  0.36172336E-05 -0.10608293E-05
     407.000  0.36150282E-05  0.38571967E-06
     408.000  0.36212348E-05  0.23224410E-05
     409.000  0.36227776E-05  0.44634359E-05
     410.000  0.36180382E-05  0.61444304E-05
     411.000  0.36205012E-05  0.66263304E-05
     412.000  0.36314748E-05  0.56397135E-05
     413.000  0.36362082E-05  0.34640388E-05
     414.000  0.36321135E-05  0.54685408E-06
     415.000  0.36331223E-05 -0.26959148E-05
     416.000  0.36409252E-05 -0.57597804E-05
     417.000  0.36406599E-05 -0.80930569E-05
     418.000  0.36306594E-05 -0.94037753E-05
     419.000  0.36268885E-05 -0.97698063E-05
     420.000  0.36320792E-05 -0.94158238E-05
     421.000  0.36308761E-05 -0.85702904E-05
     422.000  0.36214476E-05 -0.75529958E-05
     423.000  0.36203295E-05 -0.67381674E-05
     424.000  0.36297116E-05 -0.62849429E-05
     425.000  0.36324906E-05 -0.60317881E-05
     426.000  0.36261463E-05 -0.57371535E-05
     427.000  0.36278275E-05 -0.53137550E-05
     428.000  0.36393140E-05 -0.47947497E-05
     429.000  0.36419351E-05 -0.42215451E-05
     430.000  0.36330629E-05 -0.36316501E-05
     431.000  0.36314359E-05 -0.30400439E-05
     432.000  0.36393785E-05 -0.23844851E-05
     433.000  0.36374724E-05 -0.15959902E-05
     434.000  0.36238849E-05 -0.75471618E-06
     435.000  0.36197221E-05 -0.79822886E-07
     436.000  0.36278836E-05  0.23672154E-06
     437.000  0.36273675E-05  0.90882153E-07
     438.000  0.36159658E-05 -0.58111238E-06
     439.000  0.36159572E-05 -0.17375482E-05
     440.000  0.36295010E-05 -0.31334374E-05
     441.000  0.36328529E-05 -0.44611751E-05
     442.000  0.36230864E-05 -0.55820518E-05
     443.000  0.36241860E-05 -0.64486303E-05
     444.000  0.36383589E-05 -0.68259769E-05
     445.000  0.36399038E-05 -0.63165745E-05
     446.000  0.36262120E-05 -0.47243417E-05
     447.000  0.36240516E-05 -0.22920025E-05
     448.000  0.36361569E-05  0.35430088E-06
     449.000  0.36348256E-05  0.23427442E-05
     450.000  0.36178750E-05  0.28107420E-05
     451.000  0.36150259E-05  0.14097256E-05
     452.000  0.36290428E-05 -0.13172259E-05
     453.000  0.36292540E-05 -0.40795559E-05
     454.000  0.36134299E-05 -0.50956742E-05
     455.000  0.36142069E-05 -0.20817373E-05
     456.000  0.36337900E-05  0.71686961E-05
     457.000  0.36374722E-05  0.22839850E-04
     458.000  0.36225082E-05  0.41352008E-04
     459.000  0.36245150E-05  0.56407737E-04
     460.000  0.36447483E-05  0.62507791E-04
     461.000  0.36441474E-05  0.57504166E-04
     462.000  0.36208198E-05  0.42188230E-04
     463.000  0.36160519E-05  0.18737146E-04
     464.000  0.36320630E-05 -0.96831923E-05
     465.000  0.36262259E-05 -0.38687479E-04
     466.000  0.35984584E-05 -0.63344845E-04
     467.000  0.35961549E-05 -0.79421081E-04
     468.000  0.36203194E-05 -0.84176482E-04
     469.000  0.36209830E-05 -0.77148887E-04
     470.000  0.35978806E-05 -0.61202893E-04
     471.000  0.36042988E-05 -0.42064615E-04
     472.000  0.36386571E-05 -0.25185754E-04
     473.000  0.36418599E-05 -0.12602129E-04
     474.000  0.36150845E-05 -0.33449287E-05
     475.000  0.36214616E-05  0.35054921E-05
     476.000  0.36577835E-05  0.73806174E-05
     477.000  0.36542640E-05  0.77708698E-05
     478.000  0.36153951E-05  0.57868750E-05
     479.000  0.36186182E-05  0.35149818E-05
     480.000  0.36584956E-05  0.25737802E-05
     481.000  0.36497177E-05  0.36705188E-05
     482.000  0.36008164E-05  0.66400002E-05
     483.000  0.36088351E-05  0.10224531E-04
     484.000  0.36629012E-05  0.12480936E-04
     485.000  0.36518418E-05  0.12197161E-04
     486.000  0.35900211E-05  0.96819950E-05
     487.000  0.36079982E-05  0.58678983E-05
     488.000  0.36867098E-05  0.12412578E-05
     489.000  0.36659442E-05 -0.38616530E-05
     490.000  0.35684744E-05 -0.85920867E-05
     491.000  0.36023996E-05 -0.12037908E-04
     492.000  0.37430072E-05 -0.13998951E-04
     493.000  0.36796758E-05 -0.14679481E-04
     494.000  0.34216740E-05 -0.14033218E-04
     495.000  0.37388608E-05 -0.12221055E-04
     496.000  0.58440656E-05 -0.10425079E-04
     497.000  0.10793285E-04 -0.10211107E-04
     498.000  0.19013408E-04 -0.11883892E-04
     499.000  0.29660411E-04 -0.14008864E-04
     500.000  0.40088606E-04 -0.14577849E-04
     501.000  0.46629734E-04 -0.12193891E-04
     502.000  0.46660851E-04 -0.63979938E-05
     503.000  0.39862923E-04  0.21592347E-05
     504.000  0.27367110E-04  0.11512734E-04
     505.000  0.10458687E-04  0.19018365E-04
     506.000 -0.91526206E-05  0.22761019E-04
     507.000 -0.28456400E-04  0.22293983E-04
     508.000 -0.43826586E-04  0.18137161E-04
     509.000 -0.52806270E-04  0.11188576E-04
     510.000 -0.54724900E-04  0.28347554E-05
     511.000 -0.49972198E-04 -0.50705394E-05
     512.000 -0.39770114E-04 -0.11080453E-04
     513.000 -0.26618570E-04 -0.15041787E-04
     514.000 -0.13662769E-04 -0.17929194E-04
     515.000 -0.29822882E-05 -0.20946765E-04
     516.000  0.49123512E-05 -0.24839681E-04
     517.000  0.98014551E-05 -0.29572739E-04
     518.000  0.11071252E-04 -0.34103091E-04
     519.000  0.88481198E-05 -0.36502726E-04
     520.000  0.48362344E-05 -0.34777595E-04
     521.000  0.11442471E-05 -0.27950096E-04
     522.000 -0.11829246E-05 -0.16633072E-04
     523.000 -0.18419260E-05 -0.29188292E-05
     524.000 -0.29380576E-06  0.10164524E-04
     525.000  0.37513568E-05  0.19571134E-04
     526.000  0.91608718E-05  0.23402361E-04
     527.000  0.13769838E-04  0.21648823E-04
     528.000  0.16086952E-04  0.15885088E-04
     529.000  0.16042852E-04  0.82279531E-05
     530.000  0.14234557E-04  0.48182283E-06
     531.000  0.11259182E-04 -0.60823184E-05
     532.000  0.78384500E-05 -0.10612495E-04
     533.000  0.47737468E-05 -0.12616107E-04
     534.000  0.24163358E-05 -0.12034092E-04
     535.000  0.61233127E-06 -0.93693785E-05
     536.000 -0.67304420E-06 -0.57205482E-05
     537.000 -0.11384723E-05 -0.24867103E-05
     538.000 -0.71235296E-06 -0.72230137E-06
     539.000  0.13351421E-06 -0.60288829E-06
     540.000  0.89232405E-06 -0.15291270E-05
     541.000  0.15109895E-05 -0.27710460E-05
     542.000  0.21706671E-05 -0.39964927E-05
     543.000  0.29040857E-05 -0.52567580E-05
     544.000  0.36573891E-05 -0.66466232E-05
     545.000  0.44516794E-05 -0.80824141E-05
     546.000  0.52178859E-05 -0.93402299E-05
     547.000  0.56457662E-05 -0.10204391E-04
     548.000  0.54201616E-05 -0.10572913E-04
     549.000  0.45044128E-05 -0.10464992E-04
     550.000  0.30630450E-05 -0.99318260E-05
     551.000  0.12588724E-05 -0.89502051E-05
     552.000 -0.71033536E-06 -0.74368272E-05
     553.000 -0.24956767E-05 -0.54058645E-05
     554.000 -0.37090862E-05 -0.30904080E-05
     555.000 -0.41453334E-05 -0.86273512E-06
     556.000 -0.38298995E-05  0.95752246E-06
     557.000 -0.29219213E-05  0.21901944E-05
     558.000 -0.16617284E-05  0.27485060E-05
     559.000 -0.35466232E-06  0.26239494E-05
     560.000  0.72026678E-06  0.19523421E-05
     561.000  0.14329456E-05  0.10147329E-05
     562.000  0.18174070E-05  0.10726300E-06
     563.000  0.19605937E-05 -0.57407026E-06
     564.000  0.18971639E-05 -0.92869319E-06
     565.000  0.16485886E-05 -0.92626081E-06
     566.000  0.13757907E-05 -0.63853979E-06
     567.000  0.14275330E-05 -0.22426510E-06
     568.000  0.21489730E-05  0.17745421E-06
     569.000  0.36388064E-05  0.47635206E-06
     570.000  0.57135766E-05  0.51540339E-06
     571.000  0.79972420E-05  0.53001031E-07
     572.000  0.99179955E-05 -0.10041231E-05
     573.000  0.10754185E-04 -0.24072201E-05
     574.000  0.99830457E-05 -0.37303590E-05
     575.000  0.76489428E-05 -0.46980575E-05
     576.000  0.42397486E-05 -0.52558205E-05
     577.000  0.26007336E-06 -0.53895640E-05
     578.000 -0.38361840E-05 -0.50267535E-05
     579.000 -0.73969610E-05 -0.40885918E-05
     580.000 -0.97041741E-05 -0.25076896E-05
     581.000 -0.10494034E-04 -0.23961107E-06
     582.000 -0.10055452E-04  0.25754503E-05
     583.000 -0.87564675E-05  0.54829137E-05
     584.000 -0.68328511E-05  0.79299003E-05
     585.000 -0.46992293E-05  0.96385711E-05
     586.000 -0.29690478E-05  0.10630854E-04
     587.000 -0.19166228E-05  0.10912045E-04
     588.000 -0.13070939E-05  0.10345293E-04
     589.000 -0.97999665E-06  0.88935573E-05
     590.000 -0.11750073E-05  0.68102868E-05
     591.000 -0.20108618E-05  0.45212653E-05
     592.000 -0.30872007E-05  0.24458126E-05
     593.000 -0.39379672E-05  0.93572340E-06
     594.000 -0.44460916E-05  0.16890628E-06
     595.000 -0.44360391E-05  0.67725333E-09
     596.000 -0.33212894E-05  0.73985264E-07
     597.000 -0.67969417E-06  0.16622627E-06
     598.000  0.30974928E-05  0.30480834E-06
     599.000  0.70999710E-05  0.51310522E-06
     600.000  0.10492722E-04  0.64929913E-06
     601.000  0.12550961E-04  0.60091370E-06
     602.000  0.12780841E-04  0.46232959E-06
     603.000  0.11672430E-04  0.39409888E-06
     604.000  0.10870920E-04  0.44560778E-06
     605.000  0.11921992E-04  0.61655023E-06
     606.000  0.15216111E-04  0.93243731E-06
     607.000  0.20647760E-04  0.13315308E-05
     608.000  0.28412545E-04  0.16209735E-05
     609.000  0.37889669E-04  0.16825474E-05
     610.000  0.46135424E-04  0.16055800E-05
     611.000  0.48931118E-04  0.15041264E-05
     612.000  0.43625110E-04  0.13371763E-05
     613.000  0.30299901E-04  0.10326771E-05
     614.000  0.10630651E-04  0.65100531E-06
     615.000 -0.12962903E-04  0.28555720E-06
     616.000 -0.37051682E-04 -0.70875554E-07
     617.000 -0.57795520E-04 -0.41413208E-06
     618.000 -0.72665599E-04 -0.60424055E-06
     619.000 -0.80821916E-04 -0.51224126E-06
     620.000 -0.81672839E-04 -0.19863218E-06
     621.000 -0.74527835E-04  0.19310132E-06
     622.000 -0.60447144E-04  0.62172227E-06
     623.000 -0.43135838E-04  0.10885325E-05
     624.000 -0.26698952E-04  0.14975170E-05
     625.000 -0.12985071E-04  0.17319606E-05
     626.000 -0.18304731E-05  0.17936128E-05
     627.000  0.70102023E-05  0.17311982E-05
     628.000  0.13372676E-04  0.15170477E-05
     629.000  0.17509184E-04  0.11318682E-05
     630.000  0.19998994E-04  0.68681085E-06
     631.000  0.20838818E-04  0.32108709E-06
     632.000  0.19649620E-04  0.49463417E-07
     633.000  0.16886339E-04 -0.17309027E-06
     634.000  0.14014997E-04 -0.32888051E-06
     635.000  0.12315447E-04 -0.39822963E-06
     636.000  0.12087563E-04 -0.43277102E-06
     637.000  0.13049868E-04 -0.43502448E-06
     638.000  0.14837182E-04 -0.27626225E-06
     639.000  0.16913769E-04  0.12388395E-06
     640.000  0.18506538E-04  0.64360296E-06
     641.000  0.18853793E-04  0.11156577E-05
     642.000  0.17279165E-04  0.15055054E-05
     643.000  0.13142516E-04  0.17937128E-05
     644.000  0.63053106E-05  0.18518789E-05
     645.000 -0.21587565E-05  0.16284937E-05
     646.000 -0.10133295E-04  0.12938674E-05
     647.000 -0.15690952E-04  0.97980312E-06
     648.000 -0.18222291E-04  0.55976333E-06
     649.000 -0.18554914E-04 -0.32801188E-08
     650.000 -0.18285651E-04 -0.20376878E-06
     651.000 -0.18880838E-04  0.78983390E-06
     652.000 -0.20870414E-04  0.35033430E-05
     653.000 -0.23529386E-04  0.79360696E-05
     654.000 -0.25340345E-04  0.13689740E-04
     655.000 -0.24853398E-04  0.19777433E-04
     656.000 -0.21256975E-04  0.24362551E-04
     657.000 -0.14561664E-04  0.25374216E-04
     658.000 -0.57059912E-05  0.21799489E-04
     659.000  0.35109485E-05  0.14209560E-04
     660.000  0.10982010E-04  0.39974803E-05
     661.000  0.15088764E-04 -0.74462167E-05
     662.000  0.15163446E-04 -0.18643578E-04
     663.000  0.11500356E-04 -0.27774250E-04
     664.000  0.51903954E-05 -0.33250361E-04
     665.000 -0.21531111E-05 -0.34575769E-04
     666.000 -0.88189271E-05 -0.32348451E-04
     667.000 -0.13382956E-04 -0.27571582E-04
     668.000 -0.14947558E-04 -0.21321064E-04
     669.000 -0.13425392E-04 -0.14868144E-04
     670.000 -0.97651132E-05 -0.94403117E-05
     671.000 -0.55702254E-05 -0.55864637E-05
     672.000 -0.21274746E-05 -0.31001948E-05
     673.000  0.18788311E-06 -0.17316691E-05
     674.000  0.15509618E-05 -0.16221635E-05
     675.000  0.21011598E-05 -0.27958784E-05
     676.000  0.19605272E-05 -0.45774093E-05
     677.000  0.15073422E-05 -0.59477435E-05
     678.000  0.12243473E-05 -0.63629547E-05
     679.000  0.13681328E-05 -0.58787558E-05
     680.000  0.19951873E-05 -0.46040681E-05
     681.000  0.30767868E-05 -0.25300574E-05
     682.000  0.42975998E-05  0.57974589E-08
     683.000  0.49960925E-05  0.21435534E-05
     684.000  0.47168787E-05  0.31089877E-05
     685.000  0.37177457E-05  0.28204342E-05
     686.000  0.26169586E-05  0.17056691E-05
     687.000  0.16834019E-05  0.13958963E-06
     688.000  0.79367476E-06 -0.16883960E-05
     689.000 -0.98611387E-07 -0.35536741E-05
     690.000 -0.88080320E-06 -0.52104629E-05
     691.000 -0.15921345E-05 -0.65975987E-05
     692.000 -0.24189118E-05 -0.77442971E-05
     693.000 -0.33853305E-05 -0.84737914E-05
     694.000 -0.43489645E-05 -0.84782547E-05
     695.000 -0.52318975E-05 -0.77395680E-05
     696.000 -0.59196171E-05 -0.66377458E-05
     697.000 -0.59943601E-05 -0.55722657E-05
     698.000 -0.49580818E-05 -0.46893598E-05
     699.000 -0.27745491E-05 -0.40508764E-05
     700.000  0.69994407E-07 -0.38194740E-05
     701.000  0.30210175E-05 -0.40998477E-05
     702.000  0.57001025E-05 -0.47450301E-05
     703.000  0.77729159E-05 -0.54875792E-05
     704.000  0.89602713E-05 -0.61913458E-05
     705.000  0.92712967E-05 -0.68915284E-05
     706.000  0.89907138E-05 -0.77107597E-05
     707.000  0.84062346E-05 -0.88454139E-05
     708.000  0.77410193E-05 -0.10500323E-04
     709.000  0.72791913E-05 -0.12654248E-04
     710.000  0.72466920E-05 -0.14911146E-04
     711.000  0.75425212E-05 -0.16686728E-04
     712.000  0.78311035E-05 -0.17525183E-04
     713.000  0.79031578E-05 -0.17201883E-04
     714.000  0.77289090E-05 -0.15638370E-04
     715.000  0.72248131E-05 -0.12874095E-04
     716.000  0.62856561E-05 -0.91287624E-05
     717.000  0.50683214E-05 -0.48224696E-05
     718.000  0.39640524E-05 -0.52408772E-06
     719.000  0.32443031E-05  0.31480702E-05
     720.000  0.29542772E-05  0.57157894E-05
     721.000  0.31371578E-05  0.70594993E-05
     722.000  0.38786018E-05  0.74259295E-05
     723.000  0.50898988E-05  0.71436646E-05
     724.000  0.64983583E-05  0.63354074E-05
     725.000  0.78948236E-05  0.49263566E-05
     726.000  0.91676099E-05  0.28647679E-05
     727.000  0.10091621E-04  0.26035016E-06
     728.000  0.10370147E-04 -0.26623545E-05
     729.000  0.99625770E-05 -0.56695255E-05
     730.000  0.91407548E-05 -0.85575168E-05
     731.000  0.81545282E-05 -0.11112779E-04
     732.000  0.70551988E-05 -0.13066254E-04
     733.000  0.58986004E-05 -0.14146814E-04
     734.000  0.48786096E-05 -0.14238097E-04
     735.000  0.41492131E-05 -0.13472522E-04
     736.000  0.36906911E-05 -0.12127970E-04
     737.000  0.34328939E-05 -0.10444122E-04
     738.000  0.33446886E-05 -0.85598236E-05
     739.000  0.33324298E-05 -0.65597478E-05
     740.000  0.32194942E-05 -0.45007158E-05
     741.000  0.29176791E-05 -0.24374683E-05
     742.000  0.25000114E-05 -0.51108204E-06
     743.000  0.20589275E-05  0.10239828E-05
     744.000  0.16257248E-05  0.19474351E-05
     745.000  0.12670553E-05  0.22209988E-05
     746.000  0.11116890E-05  0.19444090E-05
     747.000  0.12165626E-05  0.12726793E-05
     748.000  0.15159184E-05  0.49520476E-06
     749.000  0.19414108E-05  0.83717987E-07
     750.000  0.24846868E-05  0.44702410E-06
     751.000  0.31156348E-05  0.16135530E-05
     752.000  0.37518549E-05  0.32489239E-05
     753.000  0.43420445E-05  0.49382865E-05
     754.000  0.48886494E-05  0.63550228E-05
     755.000  0.53743945E-05  0.72683415E-05
     756.000  0.57512434E-05  0.75908564E-05
     757.000  0.59962914E-05  0.74092480E-05
     758.000  0.60916702E-05  0.68388639E-05
     759.000  0.59732578E-05  0.58917116E-05
     760.000  0.56023437E-05  0.46449611E-05
     761.000  0.50695354E-05  0.36355978E-05
     762.000  0.45316843E-05  0.42248132E-05
     763.000  0.40728953E-05  0.85981026E-05
     764.000  0.37154099E-05  0.18613436E-04
     765.000  0.35105605E-05  0.33035368E-04
     766.000  0.34996028E-05  0.45102135E-04
     767.000  0.36266766E-05  0.44332540E-04
     768.000  0.38071415E-05  0.23595612E-04
     769.000  0.40416631E-05 -0.13830295E-04
     770.000  0.43557060E-05 -0.54340496E-04
     771.000  0.46841167E-05 -0.82069338E-04
     772.000  0.49317882E-05 -0.88188449E-04
     773.000  0.50782174E-05 -0.74352043E-04
     774.000  0.50861426E-05 -0.49142355E-04
     775.000  0.47807582E-05 -0.21237464E-04
     776.000  0.39954671E-05  0.61768023E-05
     777.000  0.28210035E-05  0.36320974E-04
     778.000  0.15777125E-05  0.74169952E-04
     779.000  0.56788564E-06  0.12010499E-03
     780.000 -0.33177902E-07  0.16852440E-03
     781.000 -0.11301464E-06  0.21321572E-03
     782.000  0.37169176E-06  0.25264253E-03
     783.000  0.13162178E-05  0.28748051E-03
     784.000  0.25079875E-05  0.31273205E-03
     785.000  0.37439602E-05  0.31520274E-03
     786.000  0.48492089E-05  0.28214768E-03
     787.000  0.56580436E-05  0.21374923E-03
     788.000  0.60914938E-05  0.12666931E-03
     789.000  0.62025780E-05  0.44464414E-04
     790.000  0.60509654E-05 -0.16854257E-04
     791.000  0.55979601E-05 -0.56309836E-04
     792.000  0.48066974E-05 -0.84003275E-04
     793.000  0.37449166E-05 -0.11090328E-03
     794.000  0.24836414E-05 -0.14114758E-03
     795.000  0.10051509E-05 -0.17164130E-03
     796.000 -0.66052262E-06 -0.19700081E-03
     797.000 -0.23073802E-05 -0.21424831E-03
     798.000 -0.36888548E-05 -0.22342463E-03
     799.000 -0.46900964E-05 -0.22503674E-03
     800.000 -0.52712731E-05 -0.21833414E-03
     801.000 -0.53915135E-05 -0.20294162E-03
     802.000 -0.51381402E-05 -0.18192052E-03
     803.000 -0.47900367E-05 -0.16182632E-03
     804.000 -0.45749075E-05 -0.14824555E-03
     805.000 -0.44652827E-05 -0.14097626E-03
     806.000 -0.43495139E-05 -0.13451706E-03
     807.000 -0.42512238E-05 -0.12398971E-03
     808.000 -0.42061182E-05 -0.11013899E-03
     809.000 -0.40824989E-05 -0.97870761E-04
     810.000 -0.37440991E-05 -0.90303542E-04
     811.000 -0.32747234E-05 -0.85255621E-04
     812.000 -0.28422355E-05 -0.77601831E-04
     813.000 -0.24634835E-05 -0.64016385E-04
     814.000 -0.21028634E-05 -0.44866364E-04
     815.000 -0.18622629E-05 -0.22415256E-04
     816.000 -0.18450392E-05  0.14547466E-05
     817.000 -0.19549415E-05  0.25553772E-04
     818.000 -0.20527807E-05  0.48471238E-04
     819.000 -0.21805792E-05  0.68386539E-04
     820.000 -0.24023576E-05  0.84101062E-04
     821.000 -0.25760395E-05  0.96159942E-04
     822.000 -0.25464491E-05  0.10681835E-03
     823.000 -0.24197315E-05  0.11861463E-03
     824.000 -0.23686806E-05  0.13242539E-03
     825.000 -0.23197614E-05  0.14643048E-03
     826.000 -0.21415969E-05  0.15695207E-03
     827.000 -0.19723338E-05  0.16070570E-03
     828.000 -0.19569450E-05  0.15673797E-03
     829.000 -0.17319545E-05  0.14659082E-03
     830.000 -0.54832663E-06  0.13288101E-03
     831.000  0.21132016E-05  0.11775644E-03
     832.000  0.62950519E-05  0.10232364E-03
     833.000  0.11659954E-04  0.86887918E-04
     834.000  0.17269156E-04  0.71274275E-04
     835.000  0.21355975E-04  0.54927410E-04
     836.000  0.22041057E-04  0.37014181E-04
     837.000  0.18597546E-04  0.16778126E-04
     838.000  0.11722722E-04 -0.58680193E-05
     839.000  0.25789892E-05 -0.29833011E-04
     840.000 -0.78497460E-05 -0.52961223E-04
     841.000 -0.18295574E-04 -0.73027056E-04
     842.000 -0.26851813E-04 -0.88976657E-04
     843.000 -0.31774759E-04 -0.10127028E-03
     844.000 -0.32529009E-04 -0.11099303E-03
     845.000 -0.29781222E-04 -0.11872522E-03
     846.000 -0.24718268E-04 -0.12426740E-03
     847.000 -0.18803994E-04 -0.12713175E-03
     848.000 -0.13836112E-04 -0.12693662E-03
     849.000 -0.11403708E-04 -0.12333307E-03
     850.000 -0.11967711E-04 -0.11585135E-03
     851.000 -0.14713646E-04 -0.10408613E-03
     852.000 -0.18329827E-04 -0.88198192E-04
     853.000 -0.21586271E-04 -0.69340995E-04
     854.000 -0.23150528E-04 -0.49491807E-04
     855.000 -0.21497976E-04 -0.30550198E-04
     856.000 -0.15685862E-04 -0.13438975E-04
     857.000 -0.62866470E-05  0.18146295E-05
     858.000  0.47329750E-05  0.15207045E-04
     859.000  0.15110860E-04  0.26393961E-04
     860.000  0.23128415E-04  0.35311297E-04
     861.000  0.27601650E-04  0.42624429E-04
     862.000  0.27782858E-04  0.49096069E-04
     863.000  0.23841309E-04  0.54757614E-04
     864.000  0.17269120E-04  0.59083398E-04
     865.000  0.10253983E-04  0.61718884E-04
     866.000  0.44326979E-05  0.62623560E-04
     867.000  0.35838683E-06  0.61807163E-04
     868.000 -0.20233612E-05  0.59523280E-04
     869.000 -0.29181153E-05  0.56558118E-04
     870.000 -0.27960447E-05  0.53659056E-04
     871.000 -0.23781415E-05  0.50645544E-04
     872.000 -0.20739422E-05  0.46648172E-04
     873.000 -0.16792443E-05  0.41268200E-04
     874.000 -0.92529585E-06  0.34911620E-04
     875.000 -0.40921745E-07  0.27861466E-04
     876.000  0.56610885E-06  0.19667066E-04
     877.000  0.88614213E-06  0.98255372E-05
     878.000  0.11299700E-05 -0.13244569E-05
     879.000  0.12094542E-05 -0.12736836E-04
     880.000  0.90111644E-06 -0.23461830E-04
     881.000  0.40702968E-06 -0.33118391E-04
     882.000  0.26710518E-06 -0.41811915E-04
     883.000  0.77169999E-06 -0.49770466E-04
     884.000  0.18777985E-05 -0.56869563E-04
     885.000  0.35569458E-05 -0.62402226E-04
     886.000  0.56684356E-05 -0.65517901E-04
     887.000  0.75452001E-05 -0.65947576E-04
     888.000  0.83356981E-05 -0.64068723E-04
     889.000  0.79563475E-05 -0.60253858E-04
     890.000  0.74993028E-05 -0.54494144E-04
     891.000  0.89836096E-05 -0.46765073E-04
     892.000  0.15007044E-04 -0.37467232E-04
     893.000  0.27425860E-04 -0.27374534E-04
     894.000  0.44169832E-04 -0.17327521E-04
     895.000  0.57004489E-04 -0.79444284E-05
     896.000  0.54974951E-04  0.67115779E-06
     897.000  0.32831902E-04  0.89325811E-05
     898.000 -0.34598378E-05  0.17153128E-04
     899.000 -0.40396264E-04  0.24940393E-04
     900.000 -0.66367279E-04  0.31570101E-04
     901.000 -0.77811768E-04  0.36919615E-04
     902.000 -0.77618599E-04  0.41521633E-04
     903.000 -0.68840991E-04  0.45556016E-04
     904.000 -0.49440421E-04  0.48218500E-04
     905.000 -0.12345648E-04  0.48315214E-04
     906.000  0.47910857E-04  0.45274684E-04
     907.000  0.12640248E-03  0.39574810E-04
     908.000  0.20630686E-03  0.32481100E-04
     909.000  0.26925164E-03  0.25309231E-04
     910.000  0.30814264E-03  0.18532553E-04
     911.000  0.32763099E-03  0.11606093E-04
     912.000  0.33141682E-03  0.39920670E-05
     913.000  0.31290620E-03 -0.38332975E-05
     914.000  0.26210765E-03 -0.10908210E-04
     915.000  0.18059722E-03 -0.17122683E-04
     916.000  0.86024194E-04 -0.23367903E-04
     917.000  0.89563933E-06 -0.30485352E-04
     918.000 -0.61846579E-04 -0.38744115E-04
     919.000 -0.10336050E-03 -0.48034387E-04
     920.000 -0.13301097E-03 -0.57450377E-04
     921.000 -0.15962353E-03 -0.64738242E-04
     922.000 -0.18607927E-03 -0.67522924E-04
     923.000 -0.20960858E-03 -0.65452583E-04
     924.000 -0.22680812E-03 -0.59888510E-04
     925.000 -0.23829810E-03 -0.50997265E-04
     926.000 -0.24732075E-03 -0.36490270E-04
     927.000 -0.25373339E-03 -0.14076270E-04
     928.000 -0.25198593E-03  0.15826961E-04
     929.000 -0.23730404E-03  0.50204928E-04
     930.000 -0.21272215E-03  0.84429347E-04
     931.000 -0.18736767E-03  0.11195014E-03
     932.000 -0.16758528E-03  0.12517549E-03
     933.000 -0.15171559E-03  0.11963896E-03
     934.000 -0.13417298E-03  0.97321890E-04
     935.000 -0.11273636E-03  0.64306956E-04
     936.000 -0.90145108E-04  0.25857811E-04
     937.000 -0.69185739E-04 -0.14160058E-04
     938.000 -0.48101633E-04 -0.50019394E-04
     939.000 -0.21898696E-04 -0.74240135E-04
     940.000  0.12082110E-04 -0.82833259E-04
     941.000  0.50626786E-04 -0.78695800E-04
     942.000  0.86966357E-04 -0.68517889E-04
     943.000  0.11624365E-03 -0.57802692E-04
     944.000  0.13827081E-03 -0.49734215E-04
     945.000  0.15546901E-03 -0.46285417E-04
     946.000  0.16952901E-03 -0.47492068E-04
     947.000  0.18069191E-03 -0.50359087E-04
     948.000  0.18911167E-03 -0.51040623E-04
     949.000  0.19535895E-03 -0.48314405E-04
     950.000  0.19938704E-03 -0.43371353E-04
     951.000  0.19971214E-03 -0.36596367E-04
     952.000  0.19385976E-03 -0.26772129E-04
     953.000  0.17962372E-03 -0.13728195E-04
     954.000  0.15659362E-03  0.44433113E-06
     955.000  0.12724495E-03  0.13785421E-04
     956.000  0.96161501E-04  0.26336564E-04
     957.000  0.67154506E-04  0.38443363E-04
     958.000  0.40894123E-04  0.48697252E-04
     959.000  0.15685844E-04  0.55128758E-04
     960.000 -0.98329783E-05  0.57436412E-04
     961.000 -0.35558324E-04  0.56376257E-04
     962.000 -0.61085241E-04  0.51619878E-04
     963.000 -0.86613773E-04  0.42116801E-04
     964.000 -0.11207182E-03  0.28643401E-04
     965.000 -0.13595267E-03  0.14476683E-04
     966.000 -0.15558096E-03  0.31328722E-05
     967.000 -0.16845229E-03 -0.36232256E-05
     968.000 -0.17340615E-03 -0.54697966E-05
     969.000 -0.17096986E-03 -0.25077503E-05
     970.000 -0.16262885E-03  0.47300810E-05
     971.000 -0.14939375E-03  0.14625328E-04
     972.000 -0.13116374E-03  0.23980613E-04
     973.000 -0.10792179E-03  0.28004996E-04
     974.000 -0.81254520E-04  0.21582327E-04
     975.000 -0.53841996E-04  0.20389514E-05
     976.000 -0.27459894E-04 -0.28699593E-04
     977.000 -0.24097595E-05 -0.64558874E-04
     978.000  0.20900110E-04 -0.97022860E-04
     979.000  0.40890169E-04 -0.11628584E-03
     980.000  0.56035463E-04 -0.11377585E-03
     981.000  0.66532788E-04 -0.87560164E-04
     982.000  0.74024351E-04 -0.45385290E-04
     983.000  0.79987214E-04  0.82368902E-06
     984.000  0.84938059E-04  0.44335366E-04
     985.000  0.88854525E-04  0.85079466E-04
     986.000  0.91621713E-04  0.12166734E-03
     987.000  0.93022614E-04  0.14586521E-03
     988.000  0.92734298E-04  0.14688732E-03
     989.000  0.90340822E-04  0.11817787E-03
     990.000  0.85045606E-04  0.58557746E-04
     991.000  0.75634842E-04 -0.28586761E-04
     992.000  0.61548718E-04 -0.13283372E-03
     993.000  0.44363176E-04 -0.23576737E-03
     994.000  0.27640582E-04 -0.31593120E-03
     995.000  0.14528392E-04 -0.35235748E-03
     996.000  0.53894050E-05 -0.32165945E-03
     997.000 -0.18378373E-05 -0.20128655E-03
     998.000 -0.90207096E-05  0.96845594E-05
     999.000 -0.16227172E-04  0.26965886E-03
    1000.000 -0.22903499E-04  0.50374500E-03
