 TIME             sta1            sta2      
       0.000  0.00000000E+00  0.00000000E+00
       1.000  0.28575261E-08 -0.11385304E-08
       2.000  0.31600070E-08 -0.74819075E-09
       3.000  0.38454713E-09  0.11511971E-08
       4.000  0.21952089E-09  0.15220750E-08
       5.000  0.31620057E-08  0.32337447E-09
       6.000  0.34830986E-08  0.53918143E-09
       7.000  0.67771160E-09  0.20881787E-08
       8.000  0.47966424E-09  0.18815068E-08
       9.000  0.33633572E-08  0.46736466E-10
      10.000  0.35478732E-08 -0.19424659E-09
      11.000  0.54157994E-09  0.10926863E-08
      12.000  0.12012395E-09  0.69417533E-09
      13.000  0.27496758E-08 -0.12473794E-08
      14.000  0.26522546E-08 -0.14110251E-08
      15.000 -0.56386955E-09  0.74166570E-10
      16.000 -0.10092260E-08 -0.14790338E-09
      17.000  0.17869228E-08 -0.18911109E-08
      18.000  0.19910733E-08 -0.16911425E-08
      19.000 -0.80507686E-09  0.26756093E-09
      20.000 -0.74866164E-09  0.42890616E-09
      21.000  0.24934063E-08 -0.10676568E-08
      22.000  0.29569886E-08 -0.67521015E-09
      23.000  0.24548632E-09  0.13686442E-08
      24.000  0.28376078E-09  0.13644873E-08
      25.000  0.33947750E-08 -0.49765875E-09
      26.000  0.35864323E-08 -0.45290856E-09
      27.000  0.54614375E-09  0.13595040E-08
      28.000  0.31857984E-09  0.11977246E-08
      29.000  0.32361522E-08 -0.72231071E-09
      30.000  0.32678154E-08 -0.57630656E-09
      31.000  0.15269169E-09  0.13879291E-08
      32.000  0.90493986E-11  0.12475502E-08
      33.000  0.31141464E-08 -0.76899517E-09
      34.000  0.33150451E-08 -0.69483543E-09
      35.000  0.32353940E-09  0.12290566E-08
      36.000  0.28802793E-09  0.99516897E-09
      37.000  0.34350563E-08 -0.11112937E-08
      38.000  0.35289588E-08 -0.10037373E-08
      39.000  0.31144502E-09  0.10158609E-08
      40.000  0.33996437E-10  0.79675791E-09
      41.000  0.29625360E-08 -0.13344590E-08
      42.000  0.28682466E-08 -0.11654876E-08
      43.000 -0.42666133E-09  0.92887282E-09
      44.000 -0.58825386E-09  0.62863857E-09
      45.000  0.25979755E-08 -0.16942329E-08
      46.000  0.27813728E-08 -0.16362240E-08
      47.000 -0.26191910E-09  0.46946712E-09
      48.000 -0.20723424E-09  0.24954204E-09
      49.000  0.30782659E-08 -0.18244270E-08
      50.000  0.31711939E-08 -0.12190313E-08
      51.000 -0.75229895E-10  0.15921301E-08
      52.000 -0.18404310E-09  0.19411365E-08
      53.000  0.30427204E-08  0.18877533E-09
      54.000  0.31886441E-08  0.88612073E-09
      55.000  0.15695986E-09  0.34406536E-08
      56.000  0.43029628E-09  0.30611264E-08
      57.000  0.40393854E-08  0.29758643E-09
      58.000  0.43398180E-08  0.65249729E-10
      59.000  0.11482521E-08  0.19291950E-08
      60.000  0.98563607E-09  0.10915117E-08
      61.000  0.39241283E-08 -0.17848909E-08
      62.000  0.34119807E-08 -0.16695042E-08
      63.000 -0.50096371E-09  0.81518809E-09
      64.000 -0.10511791E-08  0.54529219E-09
      65.000  0.18970513E-08 -0.18864712E-08
      66.000  0.17248297E-08 -0.13486815E-08
      67.000 -0.15740483E-08  0.14567467E-08
      68.000 -0.13255017E-08  0.12404148E-08
      69.000  0.24005286E-08 -0.13194858E-08
      70.000  0.27980109E-08 -0.87922945E-09
      71.000 -0.15211493E-09  0.18355866E-08
      72.000  0.27561995E-09  0.13950607E-08
      73.000  0.39629214E-08 -0.14129486E-08
      74.000  0.40577195E-08 -0.10164712E-08
      75.000  0.65924999E-09  0.18081095E-08
      76.000  0.65890673E-09  0.14078065E-08
      77.000  0.39587258E-08 -0.14288120E-08
      78.000  0.36710322E-08 -0.98987394E-09
      79.000 -0.12914157E-10  0.18717778E-08
      80.000 -0.77199312E-10  0.13391513E-08
      81.000  0.33359475E-08 -0.16784582E-08
      82.000  0.31982427E-08 -0.12227226E-08
      83.000 -0.33951659E-09  0.18006336E-08
      84.000 -0.24915240E-09  0.13504026E-08
      85.000  0.32425055E-08 -0.16317033E-08
      86.000  0.30246693E-08 -0.10130748E-08
      87.000 -0.64554106E-09  0.21961288E-08
      88.000 -0.54238626E-09  0.16972264E-08
      89.000  0.31596363E-08 -0.15320203E-08
      90.000  0.32657529E-08 -0.11187489E-08
      91.000 -0.29948649E-10  0.19530245E-08
      92.000  0.43250008E-09  0.12793442E-08
      93.000  0.43147664E-08 -0.20388813E-08
      94.000  0.42788807E-08 -0.14431543E-08
      95.000  0.56346217E-09  0.19299738E-08
      96.000  0.47032104E-09  0.13908521E-08
      97.000  0.37302250E-08 -0.19019364E-08
      98.000  0.30659859E-08 -0.11544564E-08
      99.000 -0.11123261E-08  0.24186694E-08
     100.000 -0.13474957E-08  0.18733480E-08
     101.000  0.20681818E-08 -0.15799142E-08
     102.000  0.17685899E-08 -0.91518875E-09
     103.000 -0.18328965E-08  0.26013407E-08
     104.000 -0.13019974E-08  0.18316507E-08
     105.000  0.28731749E-08 -0.18954254E-08
     106.000  0.31185445E-08 -0.13000930E-08
     107.000 -0.17685248E-09  0.22600057E-08
     108.000  0.44684961E-09  0.14029356E-08
     109.000  0.43982849E-08 -0.24225842E-08
     110.000  0.40428453E-08 -0.16434198E-08
     111.000 -0.21823006E-10  0.22950102E-08
     112.000 -0.26499379E-10  0.16955309E-08
     113.000  0.35493138E-08 -0.19835215E-08
     114.000  0.30412863E-08 -0.96150592E-09
     115.000 -0.91623946E-09  0.32053509E-08
     116.000 -0.53917619E-09  0.25458461E-08
     117.000  0.35017780E-08 -0.13991066E-08
     118.000  0.32965537E-08 -0.58351408E-09
     119.000 -0.55447616E-09  0.33553436E-08
     120.000 -0.16771533E-09  0.22151240E-08
     121.000  0.37905379E-08 -0.22856835E-08
     122.000  0.33910881E-08 -0.17152413E-08
     123.000 -0.62032922E-09  0.22815800E-08
     124.000 -0.18123234E-09  0.12441755E-08
     125.000  0.40003398E-08 -0.30674670E-08
     126.000  0.38109085E-08 -0.20428549E-08
     127.000 -0.82766224E-10  0.24786010E-08
     128.000  0.39116760E-09  0.17111435E-08
     129.000  0.44749856E-08 -0.24892755E-08
     130.000  0.40331784E-08 -0.12713164E-08
     131.000 -0.12562414E-09  0.33274721E-08
     132.000  0.21753797E-09  0.22169463E-08
     133.000  0.42538119E-08 -0.24739968E-08
     134.000  0.37361025E-08 -0.13681013E-08
     135.000 -0.47979325E-09  0.34645667E-08
     136.000 -0.82089023E-10  0.25093735E-08
     137.000  0.40588365E-08 -0.21608780E-08
     138.000  0.35990915E-08 -0.92849523E-09
     139.000 -0.55230422E-09  0.40719396E-08
     140.000 -0.24355276E-10  0.31066517E-08
     141.000  0.41878631E-08 -0.16221172E-08
     142.000  0.36059613E-08 -0.36647220E-09
     143.000 -0.77604762E-09  0.43007006E-08
     144.000 -0.44077219E-09  0.21951113E-08
     145.000  0.35896039E-08 -0.40434445E-08
     146.000  0.27901380E-08 -0.37625750E-08
     147.000 -0.16791639E-08  0.73400262E-09
     148.000 -0.11071788E-08 -0.10506304E-08
     149.000  0.34024928E-08 -0.65242281E-08
     150.000  0.30790860E-08 -0.48855468E-08
     151.000 -0.10390080E-08  0.12185863E-08
     152.000 -0.27120720E-09  0.70716006E-09
     153.000  0.41843520E-08 -0.38752896E-08
     154.000  0.35358204E-08 -0.15038216E-08
     155.000 -0.96353270E-09  0.48780649E-08
     156.000 -0.40220023E-09  0.37296604E-08
     157.000  0.40028492E-08 -0.20649562E-08
     158.000  0.33485709E-08 -0.61867018E-09
     159.000 -0.10643621E-08  0.53943833E-08
     160.000 -0.26988158E-09  0.40448536E-08
     161.000  0.43383592E-08 -0.20053993E-08
     162.000  0.36306350E-08 -0.84697445E-09
     163.000 -0.10706236E-08  0.46290504E-08
     164.000 -0.62787112E-09  0.23492958E-08
     165.000  0.36564041E-08 -0.45087687E-08
     166.000  0.27622114E-08 -0.34047806E-08
     167.000 -0.17305707E-08  0.26302649E-08
     168.000 -0.54790265E-09  0.10322742E-08
     169.000  0.47478087E-08 -0.49491254E-08
     170.000  0.47139558E-08 -0.25141853E-08
     171.000  0.71742738E-09  0.48842025E-08
     172.000  0.19727896E-08  0.40389492E-08
     173.000  0.68156058E-08 -0.17290501E-08
     174.000  0.58177359E-08  0.70146992E-09
     175.000  0.66823361E-09  0.75411530E-08
     176.000  0.95582598E-09  0.52107510E-08
     177.000  0.51161595E-08 -0.23180189E-08
     178.000  0.36859834E-08 -0.96226475E-09
     179.000 -0.15553642E-08  0.54050903E-08
     180.000 -0.94985021E-09  0.25695482E-08
     181.000  0.37592546E-08 -0.53140339E-08
     182.000  0.28703898E-08 -0.35478124E-08
     183.000 -0.18741714E-08  0.37021937E-08
     184.000 -0.80328673E-09  0.13897866E-08
     185.000  0.41974469E-08 -0.63116903E-08
     186.000  0.33223296E-08 -0.40851739E-08
     187.000 -0.15596236E-08  0.38342096E-08
     188.000 -0.66405801E-09  0.18981670E-08
     189.000  0.40146617E-08 -0.54589952E-08
     190.000  0.26316310E-08 -0.22781143E-08
     191.000 -0.26616168E-08  0.69639872E-08
     192.000 -0.18019470E-08  0.59712360E-08
     193.000  0.31442044E-08 -0.84873939E-09
     194.000  0.21563903E-08  0.26876523E-08
     195.000 -0.25673282E-08  0.11382022E-07
     196.000 -0.92817745E-09  0.80463710E-08
     197.000  0.47359576E-08 -0.23527368E-08
     198.000  0.41085456E-08 -0.22001266E-08
     199.000 -0.57057949E-09  0.38186667E-08
     200.000  0.94903551E-09 -0.16814946E-08
     201.000  0.62497580E-08 -0.13195632E-07
     202.000  0.49258176E-08 -0.12260864E-07
     203.000 -0.56086414E-09 -0.39006123E-08
     204.000  0.31888085E-09 -0.64948105E-08
     205.000  0.51238650E-08 -0.14580195E-07
     206.000  0.33537313E-08 -0.93282104E-08
     207.000 -0.23379278E-08  0.33197472E-08
     208.000 -0.11814740E-08  0.34025561E-08
     209.000  0.42705051E-08 -0.38723637E-08
     210.000  0.32237127E-08  0.11119353E-08
     211.000 -0.17746766E-08  0.12435639E-07
     212.000  0.12675177E-10  0.96506790E-08
     213.000  0.58205094E-08 -0.13548522E-08
     214.000  0.46698166E-08  0.48716032E-09
     215.000 -0.76459061E-09  0.97022560E-08
     216.000  0.48141455E-09  0.55305115E-08
     217.000  0.56824504E-08 -0.57442831E-08
     218.000  0.39039340E-08 -0.25604126E-08
     219.000 -0.19278976E-08  0.86566521E-08
     220.000 -0.69668629E-09  0.56944299E-08
     221.000  0.46677204E-08 -0.51362295E-08
     222.000  0.30199264E-08 -0.14992150E-08
     223.000 -0.25903570E-08  0.97682568E-08
     224.000 -0.89865636E-09  0.56808515E-08
     225.000  0.49783045E-08 -0.66090435E-08
     226.000  0.36428431E-08 -0.33550827E-08
     227.000 -0.18293907E-08  0.82618484E-08
     228.000 -0.10087947E-09  0.40638199E-08
     229.000  0.55794587E-08 -0.84351899E-08
     230.000  0.37922703E-08 -0.44243219E-08
     231.000 -0.20531888E-08  0.82772996E-08
     232.000 -0.36186278E-09  0.41190108E-08
     233.000  0.54220514E-08 -0.89029582E-08
     234.000  0.36203271E-08 -0.46025937E-08
     235.000 -0.22448991E-08  0.87269297E-08
     236.000 -0.39990992E-09  0.41258852E-08
     237.000  0.55588758E-08 -0.99141320E-08
     238.000  0.37625359E-08 -0.56893763E-08
     239.000 -0.21300068E-08  0.81374029E-08
     240.000 -0.18357573E-09  0.32222350E-08
     241.000  0.58453992E-08 -0.11394333E-07
     242.000  0.39322883E-08 -0.64777384E-08
     243.000 -0.20774897E-08  0.87383185E-08
     244.000 -0.79683424E-10  0.42043623E-08
     245.000  0.59664281E-08 -0.10673499E-07
     246.000  0.38434211E-08 -0.51625770E-08
     247.000 -0.23977177E-08  0.10922837E-07
     248.000 -0.42024983E-09  0.59405193E-08
     249.000  0.56723213E-08 -0.99895943E-08
     250.000  0.34851199E-08 -0.43359303E-08
     251.000 -0.27700319E-08  0.12429408E-07
     252.000 -0.61856203E-09  0.68317125E-08
     253.000  0.56029667E-08 -0.10271644E-07
     254.000  0.33151198E-08 -0.43676477E-08
     255.000 -0.30181112E-08  0.13353473E-07
     256.000 -0.66906806E-09  0.73503023E-08
     257.000  0.58377730E-08 -0.10825968E-07
     258.000  0.36834248E-08 -0.46150380E-08
     259.000 -0.25363042E-08  0.13933109E-07
     260.000  0.30102454E-10  0.70640410E-08
     261.000  0.65928991E-08 -0.12704083E-07
     262.000  0.41202756E-08 -0.63070435E-08
     263.000 -0.25258269E-08  0.13394494E-07
     264.000 -0.19182307E-09  0.61488656E-08
     265.000  0.62037357E-08 -0.14645595E-07
     266.000  0.34609734E-08 -0.73565431E-08
     267.000 -0.33403975E-08  0.14117933E-07
     268.000 -0.85107409E-09  0.66892791E-08
     269.000  0.57772256E-08 -0.15276487E-07
     270.000  0.31258788E-08 -0.72532854E-08
     271.000 -0.35057367E-08  0.15781965E-07
     272.000 -0.56617090E-09  0.76789909E-08
     273.000  0.65322407E-08 -0.15998482E-07
     274.000  0.40909146E-08 -0.73724166E-08
     275.000 -0.24466130E-08  0.17434990E-07
     276.000  0.61633831E-09  0.87779227E-08
     277.000  0.76240025E-08 -0.16620959E-07
     278.000  0.47254761E-08 -0.72900996E-08
     279.000 -0.23008116E-08  0.19359262E-07
     280.000  0.53641767E-09  0.99241683E-08
     281.000  0.73887211E-08 -0.17393702E-07
     282.000  0.42268069E-08 -0.71104887E-08
     283.000 -0.29105344E-08  0.21653000E-07
     284.000  0.13958210E-09  0.11028151E-07
     285.000  0.71920839E-08 -0.19070034E-07
     286.000  0.39478065E-08 -0.83784742E-08
     287.000 -0.32903152E-08  0.22244337E-07
     288.000 -0.12111065E-09  0.99532220E-08
     289.000  0.70140072E-08 -0.23324508E-07
     290.000  0.36210523E-08 -0.11855822E-07
     291.000 -0.36861099E-08  0.21471406E-07
     292.000 -0.29038128E-09  0.81265447E-08
     293.000  0.70245828E-08 -0.27535762E-07
     294.000  0.34965837E-08 -0.13529369E-07
     295.000 -0.39485235E-08  0.24491624E-07
     296.000 -0.42177475E-09  0.10859372E-07
     297.000  0.70082359E-08 -0.27526967E-07
     298.000  0.33489991E-08 -0.11355486E-07
     299.000 -0.41437070E-08  0.30653447E-07
     300.000 -0.32144506E-09  0.14775526E-07
     301.000  0.74182694E-08 -0.28599231E-07
     302.000  0.37961745E-08 -0.11138999E-07
     303.000 -0.36614541E-08  0.34785653E-07
     304.000  0.39025819E-09  0.15779219E-07
     305.000  0.81875140E-08 -0.33405821E-07
     306.000  0.41967207E-08 -0.13522826E-07
     307.000 -0.36924970E-08  0.38173336E-07
     308.000  0.15881896E-09  0.15975326E-07
     309.000  0.77065248E-08 -0.40000315E-07
     310.000  0.32649242E-08 -0.16729814E-07
     311.000 -0.48170132E-08  0.42504254E-07
     312.000 -0.60488159E-09  0.16548840E-07
     313.000  0.74425656E-08 -0.47438921E-07
     314.000  0.32787850E-08 -0.18820524E-07
     315.000 -0.44944233E-08  0.50717546E-07
     316.000  0.18157615E-09  0.19350976E-07
     317.000  0.83479398E-08 -0.56075938E-07
     318.000  0.36896833E-08 -0.20701848E-07
     319.000 -0.46433177E-08  0.62219951E-07
     320.000 -0.93550880E-10  0.21854863E-07
     321.000  0.81445936E-08 -0.70772060E-07
     322.000  0.35211435E-08 -0.24685551E-07
     323.000 -0.44719047E-08  0.79918033E-07
     324.000  0.85915626E-09  0.26341440E-07
     325.000  0.97039202E-08 -0.93680569E-07
     326.000  0.50093537E-08 -0.28447329E-07
     327.000 -0.34781968E-08  0.11558232E-06
     328.000  0.12027344E-08  0.34775094E-07
     329.000  0.90179902E-08 -0.14582288E-06
     330.000  0.30019055E-08 -0.34343618E-07
     331.000 -0.63242954E-08  0.22281021E-06
     332.000 -0.15921247E-08  0.41482662E-07
     333.000  0.66483840E-08 -0.41182609E-06
     334.000  0.10435064E-08  0.38638070E-06
     335.000 -0.75073082E-08  0.45869387E-05
     336.000 -0.14798395E-08  0.13932265E-04
     337.000  0.79014345E-08  0.28858363E-04
     338.000  0.27942384E-08  0.47149876E-04
     339.000 -0.55623154E-08  0.63157757E-04
     340.000  0.58260130E-09  0.69894210E-04
     341.000  0.96047300E-08  0.63281770E-04
     342.000  0.36512190E-08  0.44228405E-04
     343.000 -0.52646269E-08  0.16533717E-04
     344.000  0.91493552E-09 -0.15881559E-04
     345.000  0.99075078E-08 -0.48917217E-04
     346.000  0.36065904E-08 -0.77171807E-04
     347.000 -0.52127082E-08 -0.95137062E-04
     348.000  0.18096011E-08 -0.99802346E-04
     349.000  0.11410349E-07 -0.91480502E-04
     350.000  0.46691822E-08 -0.72908276E-04
     351.000 -0.51935147E-08 -0.48775065E-04
     352.000  0.80639367E-09 -0.25104463E-04
     353.000  0.92993134E-08 -0.66141748E-05
     354.000  0.14636065E-08  0.60135825E-05
     355.000 -0.86329643E-08  0.15076052E-04
     356.000 -0.16674780E-08  0.21983250E-04
     357.000  0.81909368E-08  0.25807094E-04
     358.000  0.15379293E-08  0.25699572E-04
     359.000 -0.71890135E-08  0.22840946E-04
     360.000  0.13580109E-08  0.19126714E-04
     361.000  0.12045124E-07  0.15373029E-04
     362.000  0.49635493E-08  0.11835460E-04
     363.000 -0.47057263E-08  0.92345427E-05
     364.000  0.30024681E-08  0.79480118E-05
     365.000  0.12644782E-07  0.69817288E-05
     366.000  0.42985399E-08  0.50165642E-05
     367.000 -0.60451994E-08  0.20571731E-05
     368.000  0.17955582E-08 -0.91016127E-06
     369.000  0.11525541E-07 -0.33803080E-05
     370.000  0.28879256E-08 -0.54267440E-05
     371.000 -0.74354386E-08 -0.67811282E-05
     372.000  0.79687508E-09 -0.69653174E-05
     373.000  0.10296747E-07 -0.62159977E-05
     374.000  0.66684016E-09 -0.53133209E-05
     375.000 -0.10168883E-07 -0.45268381E-05
     376.000 -0.14108609E-08 -0.35526451E-05
     377.000  0.87864258E-08 -0.24281939E-05
     378.000 -0.26991222E-09 -0.16552590E-05
     379.000 -0.96714370E-08 -0.13525063E-05
     380.000  0.15505081E-08 -0.10457433E-05
     381.000  0.13817738E-07 -0.43073813E-06
     382.000  0.55759003E-08  0.28901671E-06
     383.000 -0.36720542E-08  0.91861838E-06
     384.000  0.70734536E-08  0.15074545E-05
     385.000  0.17059295E-07  0.19414593E-05
     386.000  0.47125785E-08  0.18748023E-05
     387.000 -0.85104908E-08  0.12474093E-05
     388.000 -0.23781779E-09  0.40777972E-06
     389.000  0.83064359E-08 -0.39891161E-06
     390.000 -0.46755418E-08 -0.12139192E-05
     391.000 -0.16748281E-07 -0.19483554E-05
     392.000 -0.54864082E-08 -0.22755262E-05
     393.000  0.62759130E-08 -0.21042513E-05
     394.000 -0.41224140E-08 -0.17471151E-05
     395.000 -0.13498459E-07 -0.14714382E-05
     396.000  0.56072975E-09 -0.12591003E-05
     397.000  0.13726980E-07 -0.11142145E-05
     398.000  0.29141243E-08 -0.11915953E-05
     399.000 -0.73250814E-08 -0.14704282E-05
     400.000  0.59239900E-08 -0.16864834E-05
     401.000  0.17248491E-07 -0.17435605E-05
     402.000  0.36322272E-08 -0.18243524E-05
     403.000 -0.85390489E-08 -0.19400190E-05
     404.000  0.42506469E-08 -0.17482818E-05
     405.000  0.15240324E-07 -0.10189794E-05
     406.000  0.11378268E-08  0.43404546E-07
     407.000 -0.10249522E-07  0.11175632E-05
     408.000  0.45386941E-08  0.20735214E-05
     409.000  0.16681589E-07  0.27673767E-05
     410.000  0.22939195E-08  0.28617725E-05
     411.000 -0.92729429E-08  0.21289511E-05
     412.000  0.56656123E-08  0.74324033E-06
     413.000  0.16729942E-07 -0.88268092E-06
     414.000  0.40502793E-09 -0.23137464E-05
     415.000 -0.11419827E-07 -0.30231720E-05
     416.000  0.52705320E-08 -0.24705093E-05
     417.000  0.17568268E-07 -0.58669628E-06
     418.000  0.11038828E-08  0.19422067E-05
     419.000 -0.10427362E-07  0.40749337E-05
     420.000  0.71393854E-08  0.50155714E-05
     421.000  0.18638175E-07  0.44093287E-05
     422.000 -0.42734689E-09  0.22863419E-05
     423.000 -0.13704236E-07 -0.92330378E-06
     424.000  0.35620794E-08 -0.44738019E-05
     425.000  0.14024136E-07 -0.76159634E-05
     426.000 -0.67365259E-08 -0.97993644E-05
     427.000 -0.19455811E-07 -0.10625702E-04
     428.000  0.88286883E-09 -0.99302412E-05
     429.000  0.13785124E-07 -0.80504886E-05
     430.000 -0.60180944E-08 -0.57386056E-05
     431.000 -0.16879185E-07 -0.36079307E-05
     432.000  0.61828658E-08 -0.18222174E-05
     433.000  0.19562996E-07 -0.37288368E-06
     434.000 -0.21871794E-08  0.65789661E-06
     435.000 -0.14118950E-07  0.12440528E-05
     436.000  0.91623308E-08  0.14823119E-05
     437.000  0.21084625E-07  0.13049903E-05
     438.000 -0.35105296E-08  0.43397191E-06
     439.000 -0.15915324E-07 -0.11561331E-05
     440.000  0.92689376E-08 -0.30220766E-05
     441.000  0.21544545E-07 -0.47100383E-05
     442.000 -0.43929177E-08 -0.60912803E-05
     443.000 -0.16078709E-07 -0.69768895E-05
     444.000  0.11440510E-07 -0.67632189E-05
     445.000  0.23215689E-07 -0.48657728E-05
     446.000 -0.56588038E-08 -0.13493413E-05
     447.000 -0.17779008E-07  0.30467523E-05
     448.000  0.11653766E-07  0.71552490E-05
     449.000  0.22730573E-07  0.94559458E-05
     450.000 -0.89693730E-08  0.85427247E-05
     451.000 -0.20595169E-07  0.42397869E-05
     452.000  0.12019560E-07 -0.18024919E-05
     453.000  0.22965452E-07 -0.68111481E-05
     454.000 -0.11533108E-07 -0.77362886E-05
     455.000 -0.22197745E-07 -0.13357452E-05
     456.000  0.14303454E-07  0.14985079E-04
     457.000  0.24988144E-07  0.40315135E-04
     458.000 -0.13072235E-07  0.67900914E-04
     459.000 -0.23039238E-07  0.87132373E-04
     460.000  0.17355901E-07  0.89164062E-04
     461.000  0.26971470E-07  0.71203449E-04
     462.000 -0.15671152E-07  0.36492282E-04
     463.000 -0.24656254E-07 -0.81271556E-05
     464.000  0.20592539E-07 -0.54261130E-04
     465.000  0.28921576E-07 -0.93397703E-04
     466.000 -0.19115678E-07 -0.11839950E-03
     467.000 -0.26502917E-07 -0.12467468E-03
     468.000  0.24848908E-07 -0.11097680E-03
     469.000  0.31317159E-07 -0.80664517E-04
     470.000 -0.23587460E-07 -0.42494495E-04
     471.000 -0.28770379E-07 -0.80163980E-05
     472.000  0.30358320E-07  0.14512201E-04
     473.000  0.34178842E-07  0.24545144E-04
     474.000 -0.29651183E-07  0.27385438E-04
     475.000 -0.31715318E-07  0.28293936E-04
     476.000  0.37650081E-07  0.28899808E-04
     477.000  0.37695994E-07  0.28390581E-04
     478.000 -0.37915380E-07  0.26320985E-04
     479.000 -0.35076195E-07  0.23603615E-04
     480.000  0.48280526E-07  0.21576264E-04
     481.000  0.41769067E-07  0.20641403E-04
     482.000 -0.51248557E-07  0.19511529E-04
     483.000 -0.39816511E-07  0.15853129E-04
     484.000  0.66101459E-07  0.84286765E-05
     485.000  0.48760948E-07 -0.11750085E-05
     486.000 -0.74047668E-07 -0.95699057E-05
     487.000 -0.48198669E-07 -0.14560153E-04
     488.000  0.99403606E-07 -0.16627099E-04
     489.000  0.61544698E-07 -0.17425243E-04
     490.000 -0.12467717E-06 -0.17674468E-04
     491.000 -0.62768127E-07 -0.16938886E-04
     492.000  0.20455828E-06 -0.14701232E-04
     493.000  0.89525512E-07 -0.10971733E-04
     494.000 -0.39300109E-06 -0.63108231E-05
     495.000  0.20996715E-06 -0.19090618E-05
     496.000  0.42001442E-05  0.69764982E-06
     497.000  0.13573427E-04  0.72182365E-06
     498.000  0.28983307E-04 -0.10375415E-05
     499.000  0.48328812E-04 -0.27568038E-05
     500.000  0.65801123E-04 -0.28165774E-05
     501.000  0.73830609E-04 -0.29601059E-06
     502.000  0.67603868E-04  0.51030363E-05
     503.000  0.47686837E-04  0.12702266E-04
     504.000  0.18094123E-04  0.20384755E-04
     505.000 -0.16849301E-04  0.25197218E-04
     506.000 -0.52697979E-04  0.24874689E-04
     507.000 -0.83537842E-04  0.18913638E-04
     508.000 -0.10300937E-03  0.86118900E-05
     509.000 -0.10728145E-03 -0.33657110E-05
     510.000 -0.96435385E-04 -0.13678406E-04
     511.000 -0.73750498E-04 -0.19580134E-04
     512.000 -0.45049918E-04 -0.20311045E-04
     513.000 -0.17761043E-04 -0.17392600E-04
     514.000  0.22224936E-05 -0.13515928E-04
     515.000  0.13858118E-04 -0.11074824E-04
     516.000  0.20053408E-04 -0.11293653E-04
     517.000  0.23265862E-04 -0.13936253E-04
     518.000  0.23400688E-04 -0.17387793E-04
     519.000  0.20124074E-04 -0.19241425E-04
     520.000  0.15086353E-04 -0.17296528E-04
     521.000  0.10638518E-04 -0.10454174E-04
     522.000  0.77175361E-05  0.76363162E-06
     523.000  0.61540640E-05  0.14008923E-04
     524.000  0.58796633E-05  0.25495961E-04
     525.000  0.65169968E-05  0.31430952E-04
     526.000  0.66719107E-05  0.29980710E-04
     527.000  0.50692081E-05  0.22298171E-04
     528.000  0.20375962E-05  0.11720680E-04
     529.000 -0.11164315E-05  0.18573257E-05
     530.000 -0.37436040E-05 -0.50080876E-05
     531.000 -0.59142004E-05 -0.83912929E-05
     532.000 -0.73775949E-05 -0.90352517E-05
     533.000 -0.76180268E-05 -0.78952207E-05
     534.000 -0.67641774E-05 -0.55099831E-05
     535.000 -0.54783343E-05 -0.22393829E-05
     536.000 -0.40368779E-05  0.11240116E-05
     537.000 -0.23342989E-05  0.33750781E-05
     538.000 -0.66626019E-06  0.37298941E-05
     539.000  0.34351021E-06  0.25044875E-05
     540.000  0.62110069E-06  0.80794860E-06
     541.000  0.74886480E-06 -0.39589098E-06
     542.000  0.11493581E-05 -0.90516837E-06
     543.000  0.17310084E-05 -0.11516198E-05
     544.000  0.23189517E-05 -0.16168401E-05
     545.000  0.28433380E-05 -0.23029763E-05
     546.000  0.30553501E-05 -0.26719243E-05
     547.000  0.25880801E-05 -0.21501209E-05
     548.000  0.14105417E-05 -0.73272359E-06
     549.000 -0.14735158E-06  0.10065528E-05
     550.000 -0.18252219E-05  0.25414054E-05
     551.000 -0.35187724E-05  0.38799108E-05
     552.000 -0.49651589E-05  0.53347883E-05
     553.000 -0.57477988E-05  0.69589423E-05
     554.000 -0.56847505E-05  0.83743933E-05
     555.000 -0.49513212E-05  0.90904780E-05
     556.000 -0.38314976E-05  0.88524322E-05
     557.000 -0.25908615E-05  0.77426352E-05
     558.000 -0.15267605E-05  0.61096065E-05
     559.000 -0.85339390E-06  0.44006489E-05
     560.000 -0.52906793E-06  0.29298725E-05
     561.000 -0.37810451E-06  0.17634139E-05
     562.000 -0.33218834E-06  0.86882242E-06
     563.000 -0.40748897E-06  0.32362436E-06
     564.000 -0.55749280E-06  0.26715641E-06
     565.000 -0.70433698E-06  0.67646601E-06
     566.000 -0.79303391E-06  0.13392264E-05
     567.000 -0.69028095E-06  0.20885549E-05
     568.000 -0.20201497E-06  0.29426421E-05
     569.000  0.66580898E-06  0.39309446E-05
     570.000  0.16249942E-05  0.48571897E-05
     571.000  0.23775680E-05  0.53291801E-05
     572.000  0.27702687E-05  0.50135657E-05
     573.000  0.26275316E-05  0.38385464E-05
     574.000  0.17358729E-05  0.20271212E-05
     575.000  0.12555453E-06  0.38121674E-07
     576.000 -0.18895506E-05 -0.15439062E-05
     577.000 -0.40159231E-05 -0.21845910E-05
     578.000 -0.60075707E-05 -0.15555730E-05
     579.000 -0.73767744E-05  0.44521807E-06
     580.000 -0.75576994E-05  0.37273860E-05
     581.000 -0.65310201E-05  0.79128277E-05
     582.000 -0.48903369E-05  0.12193849E-04
     583.000 -0.31685912E-05  0.15480108E-04
     584.000 -0.15333009E-05  0.16903656E-04
     585.000 -0.21156755E-06  0.16254207E-04
     586.000  0.39608648E-06  0.13940787E-04
     587.000  0.25427712E-06  0.10626329E-04
     588.000 -0.21939833E-06  0.69595229E-05
     589.000 -0.84455915E-06  0.35125762E-05
     590.000 -0.18809984E-05  0.73768534E-06
     591.000 -0.33124611E-05 -0.11012490E-05
     592.000 -0.45913914E-05 -0.19124310E-05
     593.000 -0.54044938E-05 -0.17378164E-05
     594.000 -0.59747598E-05 -0.82445844E-06
     595.000 -0.61724795E-05  0.35088719E-06
     596.000 -0.50218172E-05  0.13387731E-05
     597.000 -0.16484663E-05  0.20440255E-05
     598.000  0.37557895E-05  0.26721571E-05
     599.000  0.10177452E-04  0.33528300E-05
     600.000  0.16236395E-04  0.39808661E-05
     601.000  0.20123347E-04  0.44458505E-05
     602.000  0.20262049E-04  0.48172169E-05
     603.000  0.16957035E-04  0.52140052E-05
     604.000  0.12687166E-04  0.56417142E-05
     605.000  0.10057498E-04  0.60330571E-05
     606.000  0.10229508E-04  0.63003618E-05
     607.000  0.13851070E-04  0.62779499E-05
     608.000  0.21860219E-04  0.57898228E-05
     609.000  0.33482090E-04  0.48884048E-05
     610.000  0.44079952E-04  0.38786764E-05
     611.000  0.46971089E-04  0.29969054E-05
     612.000  0.37822169E-04  0.22120288E-05
     613.000  0.16779581E-04  0.14482010E-05
     614.000 -0.12654235E-04  0.82651454E-06
     615.000 -0.45067119E-04  0.53524373E-06
     616.000 -0.74024490E-04  0.61173372E-06
     617.000 -0.94001477E-04  0.10079427E-05
     618.000 -0.10252113E-03  0.17190190E-05
     619.000 -0.99696626E-04  0.26647753E-05
     620.000 -0.86073778E-04  0.35778422E-05
     621.000 -0.62803680E-04  0.42141855E-05
     622.000 -0.34148314E-04  0.45910485E-05
     623.000 -0.74024391E-05  0.48569993E-05
     624.000  0.11539799E-04  0.50397430E-05
     625.000  0.22028959E-04  0.50966208E-05
     626.000  0.27459113E-04  0.50894464E-05
     627.000  0.31240304E-04  0.50953672E-05
     628.000  0.34667213E-04  0.50302152E-05
     629.000  0.37406664E-04  0.47640794E-05
     630.000  0.38412498E-04  0.43431430E-05
     631.000  0.36588689E-04  0.39137072E-05
     632.000  0.31715932E-04  0.35060052E-05
     633.000  0.24842274E-04  0.30798536E-05
     634.000  0.17281939E-04  0.27073001E-05
     635.000  0.95792325E-05  0.25270319E-05
     636.000  0.20812018E-05  0.25892430E-05
     637.000 -0.39187040E-05  0.28977322E-05
     638.000 -0.66013916E-05  0.34870471E-05
     639.000 -0.53330898E-05  0.42800764E-05
     640.000 -0.15090638E-05  0.49992990E-05
     641.000  0.22648177E-05  0.54144709E-05
     642.000  0.35576188E-05  0.55562951E-05
     643.000  0.11586510E-05  0.55281545E-05
     644.000 -0.43350720E-05  0.53062410E-05
     645.000 -0.10708200E-04  0.49116059E-05
     646.000 -0.15363296E-04  0.45039885E-05
     647.000 -0.16803387E-04  0.40600248E-05
     648.000 -0.15168475E-04  0.33455993E-05
     649.000 -0.11749634E-04  0.26505604E-05
     650.000 -0.82699302E-05  0.31960720E-05
     651.000 -0.62607160E-05  0.61710230E-05
     652.000 -0.64009932E-05  0.11480685E-04
     653.000 -0.81046082E-05  0.17916554E-04
     654.000 -0.98354206E-05  0.24201813E-04
     655.000 -0.99701161E-05  0.29076239E-04
     656.000 -0.75682876E-05  0.30660320E-04
     657.000 -0.27494305E-05  0.27041136E-04
     658.000  0.32951090E-05  0.17992423E-04
     659.000  0.87096348E-05  0.54153469E-05
     660.000  0.11741461E-04 -0.81833868E-05
     661.000  0.11449608E-04 -0.20872237E-04
     662.000  0.79960618E-05 -0.30815361E-04
     663.000  0.25472612E-05 -0.35967764E-04
     664.000 -0.31184337E-05 -0.35366350E-04
     665.000 -0.72687653E-05 -0.30193232E-04
     666.000 -0.88436264E-05 -0.22694712E-04
     667.000 -0.76406635E-05 -0.14452747E-04
     668.000 -0.41560676E-05 -0.63897644E-05
     669.000  0.53268012E-06  0.29336767E-06
     670.000  0.49642757E-05  0.45414655E-05
     671.000  0.79263156E-05  0.67085231E-05
     672.000  0.91077516E-05  0.82202488E-05
     673.000  0.89561292E-05  0.97653900E-05
     674.000  0.79398028E-05  0.10707968E-04
     675.000  0.62696178E-05  0.10460846E-04
     676.000  0.42836914E-05  0.94912910E-05
     677.000  0.25882130E-05  0.85613340E-05
     678.000  0.16012729E-05  0.77787916E-05
     679.000  0.12627027E-05  0.69595249E-05
     680.000  0.13239590E-05  0.63241389E-05
     681.000  0.16139990E-05  0.61984010E-05
     682.000  0.19239604E-05  0.63792615E-05
     683.000  0.20149285E-05  0.63603244E-05
     684.000  0.19332481E-05  0.59799825E-05
     685.000  0.19986972E-05  0.54088426E-05
     686.000  0.22891136E-05  0.46888998E-05
     687.000  0.24230828E-05  0.37176336E-05
     688.000  0.20204326E-05  0.25799606E-05
     689.000  0.10898290E-05  0.15192313E-05
     690.000 -0.18403023E-06  0.62913281E-06
     691.000 -0.16868814E-05 -0.12379944E-06
     692.000 -0.31754479E-05 -0.61559802E-06
     693.000 -0.41255931E-05 -0.58184985E-06
     694.000 -0.40477809E-05  0.71256843E-07
     695.000 -0.27847144E-05  0.11624469E-05
     696.000 -0.38209046E-06  0.24251251E-05
     697.000  0.30301053E-05  0.36429471E-05
     698.000  0.70190348E-05  0.46313607E-05
     699.000  0.10787213E-04  0.52500345E-05
     700.000  0.13592289E-04  0.54488428E-05
     701.000  0.15096551E-04  0.52206840E-05
     702.000  0.15231618E-04  0.45441093E-05
     703.000  0.14042290E-04  0.34484046E-05
     704.000  0.11865394E-04  0.20909202E-05
     705.000  0.93670939E-05  0.71439894E-06
     706.000  0.71308526E-05 -0.41405052E-06
     707.000  0.53728363E-05 -0.10012917E-05
     708.000  0.41846439E-05 -0.79394897E-06
     709.000  0.37422243E-05  0.27033192E-06
     710.000  0.40360291E-05  0.20570151E-05
     711.000  0.46637549E-05  0.44132841E-05
     712.000  0.51634441E-05  0.72202408E-05
     713.000  0.53587806E-05  0.10202292E-04
     714.000  0.51872836E-05  0.12829296E-04
     715.000  0.44848269E-05  0.14536500E-04
     716.000  0.32535242E-05  0.15005797E-04
     717.000  0.19371515E-05  0.14234085E-04
     718.000  0.11178286E-05  0.12478526E-04
     719.000  0.10621282E-05  0.10195679E-04
     720.000  0.17671113E-05  0.78764619E-05
     721.000  0.32162021E-05  0.58119018E-05
     722.000  0.52760378E-05  0.40604811E-05
     723.000  0.75074145E-05  0.26332211E-05
     724.000  0.94045215E-05  0.15605173E-05
     725.000  0.10732424E-04  0.75938253E-06
     726.000  0.11389903E-04  0.37482826E-07
     727.000  0.11118444E-04 -0.66533102E-06
     728.000  0.97097192E-05 -0.11617667E-05
     729.000  0.74502491E-05 -0.11998408E-05
     730.000  0.50418346E-05 -0.63935473E-06
     731.000  0.30594376E-05  0.55651976E-06
     732.000  0.16866966E-05  0.23046218E-05
     733.000  0.91118928E-06  0.43145429E-05
     734.000  0.69270220E-06  0.61983303E-05
     735.000  0.91678965E-06  0.77393692E-05
     736.000  0.14125214E-05  0.89153934E-05
     737.000  0.20702426E-05  0.96676049E-05
     738.000  0.28004726E-05  0.98768050E-05
     739.000  0.33968715E-05  0.95920688E-05
     740.000  0.36270539E-05  0.90230263E-05
     741.000  0.34841298E-05  0.82427898E-05
     742.000  0.32004119E-05  0.71481311E-05
     743.000  0.29865256E-05  0.57696947E-05
     744.000  0.28723318E-05  0.43536560E-05
     745.000  0.28073410E-05  0.30887200E-05
     746.000  0.27908658E-05  0.20667610E-05
     747.000  0.28710006E-05  0.15760750E-05
     748.000  0.30985344E-05  0.20422291E-05
     749.000  0.34994661E-05  0.34920724E-05
     750.000  0.40335570E-05  0.53828982E-05
     751.000  0.45811345E-05  0.71228199E-05
     752.000  0.50189637E-05  0.84603081E-05
     753.000  0.52988163E-05  0.92506830E-05
     754.000  0.54281518E-05  0.92673532E-05
     755.000  0.54240558E-05  0.85194821E-05
     756.000  0.53279024E-05  0.74250164E-05
     757.000  0.52072808E-05  0.63643928E-05
     758.000  0.50868334E-05  0.52916491E-05
     759.000  0.49194134E-05  0.40373472E-05
     760.000  0.46639062E-05  0.28175107E-05
     761.000  0.43399930E-05  0.22407541E-05
     762.000  0.39791141E-05  0.28627255E-05
     763.000  0.35951150E-05  0.46645373E-05
     764.000  0.32417966E-05  0.68312393E-05
     765.000  0.30199478E-05  0.84366343E-05
     766.000  0.29760574E-05  0.99455627E-05
     767.000  0.30613038E-05  0.13713258E-04
     768.000  0.32291491E-05  0.21945790E-04
     769.000  0.34904691E-05  0.33853332E-04
     770.000  0.38197667E-05  0.45250329E-04
     771.000  0.40892753E-05  0.50631596E-04
     772.000  0.41711787E-05  0.44926698E-04
     773.000  0.40635578E-05  0.24530384E-04
     774.000  0.38746587E-05 -0.10229911E-04
     775.000  0.37330808E-05 -0.52417692E-04
     776.000  0.37443723E-05 -0.90462728E-04
     777.000  0.39746256E-05 -0.11492319E-03
     778.000  0.44284715E-05 -0.12296370E-03
     779.000  0.50636886E-05 -0.11636349E-03
     780.000  0.58218958E-05 -0.98265089E-04
     781.000  0.65984442E-05 -0.74036191E-04
     782.000  0.72104674E-05 -0.52206812E-04
     783.000  0.74869133E-05 -0.39657443E-04
     784.000  0.73974551E-05 -0.35490269E-04
     785.000  0.70248052E-05 -0.32508882E-04
     786.000  0.64275599E-05 -0.24804565E-04
     787.000  0.56152764E-05 -0.11479798E-04
     788.000  0.46352745E-05  0.58822804E-05
     789.000  0.35796314E-05  0.24454624E-04
     790.000  0.25184815E-05  0.37567867E-04
     791.000  0.15260659E-05  0.35744636E-04
     792.000  0.74579193E-06  0.14582719E-04
     793.000  0.30611578E-06 -0.19457251E-04
     794.000  0.18432567E-06 -0.53178769E-04
     795.000  0.27325568E-06 -0.75355265E-04
     796.000  0.56127224E-06 -0.80687079E-04
     797.000  0.11092091E-05 -0.69213552E-04
     798.000  0.18636471E-05 -0.46495324E-04
     799.000  0.26414657E-05 -0.23425723E-04
     800.000  0.33008090E-05 -0.11082290E-04
     801.000  0.37912755E-05 -0.13371539E-04
     802.000  0.40530680E-05 -0.25249130E-04
     803.000  0.40360899E-05 -0.37592779E-04
     804.000  0.38334014E-05 -0.42344019E-04
     805.000  0.36413934E-05 -0.34430419E-04
     806.000  0.35670010E-05 -0.12955456E-04
     807.000  0.35983944E-05  0.17261390E-04
     808.000  0.37334468E-05  0.46829069E-04
     809.000  0.39611228E-05  0.66563294E-04
     810.000  0.41382626E-05  0.72091366E-04
     811.000  0.40962080E-05  0.65102573E-04
     812.000  0.38878456E-05  0.51940429E-04
     813.000  0.37360923E-05  0.40898061E-04
     814.000  0.37280023E-05  0.38469436E-04
     815.000  0.37610437E-05  0.46153509E-04
     816.000  0.37897594E-05  0.60437344E-04
     817.000  0.38908664E-05  0.75601552E-04
     818.000  0.40706808E-05  0.86195338E-04
     819.000  0.42552975E-05  0.88123567E-04
     820.000  0.44796839E-05  0.80058126E-04
     821.000  0.48051703E-05  0.64987821E-04
     822.000  0.50465681E-05  0.49129358E-04
     823.000  0.49300329E-05  0.37988154E-04
     824.000  0.45551201E-05  0.33353626E-04
     825.000  0.42890960E-05  0.33635092E-04
     826.000  0.41515782E-05  0.35655700E-04
     827.000  0.38764033E-05  0.35755233E-04
     828.000  0.38287521E-05  0.30837652E-04
     829.000  0.52419129E-05  0.19971155E-04
     830.000  0.90292112E-05  0.49402775E-05
     831.000  0.14765030E-04 -0.11183126E-04
     832.000  0.21265647E-04 -0.25702050E-04
     833.000  0.27560647E-04 -0.36698578E-04
     834.000  0.32502693E-04 -0.43157674E-04
     835.000  0.33965079E-04 -0.45674348E-04
     836.000  0.29765576E-04 -0.46465643E-04
     837.000  0.19681689E-04 -0.47824345E-04
     838.000  0.57944155E-05 -0.50629099E-04
     839.000 -0.91998854E-05 -0.54462910E-04
     840.000 -0.23072166E-04 -0.58437819E-04
     841.000 -0.33479980E-04 -0.61390198E-04
     842.000 -0.37995175E-04 -0.61959511E-04
     843.000 -0.35981451E-04 -0.59327629E-04
     844.000 -0.29736586E-04 -0.53801001E-04
     845.000 -0.22615020E-04 -0.46390040E-04
     846.000 -0.16343471E-04 -0.38154381E-04
     847.000 -0.10988446E-04 -0.30114882E-04
     848.000 -0.67868912E-05 -0.23090791E-04
     849.000 -0.43721614E-05 -0.17026448E-04
     850.000 -0.31651193E-05 -0.10879838E-04
     851.000 -0.10883652E-05 -0.36917873E-05
     852.000  0.34733165E-05  0.45090854E-05
     853.000  0.10300477E-04  0.13153671E-04
     854.000  0.18194180E-04  0.21958430E-04
     855.000  0.26008650E-04  0.30774035E-04
     856.000  0.32209908E-04  0.38975349E-04
     857.000  0.34660553E-04  0.45582985E-04
     858.000  0.32178625E-04  0.49886598E-04
     859.000  0.25911681E-04  0.51675939E-04
     860.000  0.18204135E-04  0.51167027E-04
     861.000  0.10437565E-04  0.49061003E-04
     862.000  0.28642008E-05  0.46369604E-04
     863.000 -0.38428222E-05  0.43730351E-04
     864.000 -0.81352708E-05  0.41000047E-04
     865.000 -0.89178867E-05  0.37738866E-04
     866.000 -0.65648355E-05  0.33828221E-04
     867.000 -0.24312469E-05  0.29362488E-04
     868.000  0.20575649E-05  0.24269350E-04
     869.000  0.57776104E-05  0.18417082E-04
     870.000  0.80968884E-05  0.11898581E-04
     871.000  0.90657226E-05  0.49158116E-05
     872.000  0.91176712E-05 -0.24130347E-05
     873.000  0.84831468E-05 -0.98714683E-05
     874.000  0.71843262E-05 -0.16990098E-04
     875.000  0.55151524E-05 -0.23337276E-04
     876.000  0.40346823E-05 -0.28786771E-04
     877.000  0.30314174E-05 -0.33315679E-04
     878.000  0.23918262E-05 -0.36783970E-04
     879.000  0.20195026E-05 -0.39114558E-04
     880.000  0.20154026E-05 -0.40422393E-04
     881.000  0.24611206E-05 -0.40731694E-04
     882.000  0.33763144E-05 -0.39808488E-04
     883.000  0.48208316E-05 -0.37498408E-04
     884.000  0.66786137E-05 -0.34006434E-04
     885.000  0.84399286E-05 -0.29654040E-04
     886.000  0.95251774E-05 -0.24603814E-04
     887.000  0.96533023E-05 -0.18989898E-04
     888.000  0.86686451E-05 -0.13025407E-04
     889.000  0.65402291E-05 -0.67822392E-05
     890.000  0.40531484E-05 -0.17424842E-06
     891.000  0.28116250E-05  0.66015814E-05
     892.000  0.35729224E-05  0.12891292E-04
     893.000  0.50579426E-05  0.18095395E-04
     894.000  0.56937878E-05  0.22099488E-04
     895.000  0.64724039E-05  0.25000447E-04
     896.000  0.10822042E-04  0.26742158E-04
     897.000  0.21181079E-04  0.27318690E-04
     898.000  0.35996597E-04  0.27052313E-04
     899.000  0.49445000E-04  0.26331442E-04
     900.000  0.53187147E-04  0.25256068E-04
     901.000  0.39853918E-04  0.23782967E-04
     902.000  0.81117315E-05  0.21969485E-04
     903.000 -0.34391309E-04  0.19788566E-04
     904.000 -0.74833761E-04  0.16954384E-04
     905.000 -0.10350882E-03  0.13274610E-04
     906.000 -0.11817315E-03  0.89938404E-05
     907.000 -0.12098236E-03  0.44608699E-05
     908.000 -0.11400640E-03 -0.38831791E-06
     909.000 -0.99134744E-04 -0.58829298E-05
     910.000 -0.79906119E-04 -0.12043583E-04
     911.000 -0.60515144E-04 -0.18401735E-04
     912.000 -0.43334391E-04 -0.24235875E-04
     913.000 -0.28876545E-04 -0.28718792E-04
     914.000 -0.17322305E-04 -0.31060189E-04
     915.000 -0.85253579E-05 -0.30982299E-04
     916.000 -0.17209354E-05 -0.29071492E-04
     917.000  0.24008521E-05 -0.26291749E-04
     918.000 -0.21051230E-07 -0.23079685E-04
     919.000 -0.12732846E-04 -0.19208186E-04
     920.000 -0.33552679E-04 -0.14589207E-04
     921.000 -0.53718858E-04 -0.98689993E-05
     922.000 -0.64077183E-04 -0.60474144E-05
     923.000 -0.61248639E-04 -0.37282469E-05
     924.000 -0.48215183E-04 -0.28858503E-05
     925.000 -0.31225043E-04 -0.30844907E-05
     926.000 -0.16970012E-04 -0.36266902E-05
     927.000 -0.10336619E-04 -0.36911731E-05
     928.000 -0.11983196E-04 -0.27938246E-05
     929.000 -0.17496555E-04 -0.11692104E-05
     930.000 -0.19748507E-04  0.70030963E-06
     931.000 -0.12749437E-04  0.30771622E-05
     932.000  0.57078649E-05  0.70526877E-05
     933.000  0.33134979E-04  0.13258764E-04
     934.000  0.62775832E-04  0.20763230E-04
     935.000  0.86029589E-04  0.27680224E-04
     936.000  0.96761790E-04  0.32689271E-04
     937.000  0.94784115E-04  0.35470052E-04
     938.000  0.85619843E-04  0.35844126E-04
     939.000  0.76869977E-04  0.33273723E-04
     940.000  0.74044197E-04  0.27428390E-04
     941.000  0.78262484E-04  0.18691034E-04
     942.000  0.86508827E-04  0.78959418E-05
     943.000  0.93818780E-04 -0.38746359E-05
     944.000  0.95882803E-04 -0.15021238E-04
     945.000  0.90525603E-04 -0.23716831E-04
     946.000  0.77876393E-04 -0.29103614E-04
     947.000  0.60143951E-04 -0.31814315E-04
     948.000  0.41159981E-04 -0.32791967E-04
     949.000  0.24908597E-04 -0.31990067E-04
     950.000  0.13341365E-04 -0.28810700E-04
     951.000  0.53587371E-05 -0.23442408E-04
     952.000 -0.19793034E-05 -0.17031780E-04
     953.000 -0.11280147E-04 -0.10711970E-04
     954.000 -0.23528547E-04 -0.51583952E-05
     955.000 -0.38050006E-04 -0.97928029E-06
     956.000 -0.53075085E-04  0.12957694E-05
     957.000 -0.66508850E-04  0.18631027E-05
     958.000 -0.76704633E-04  0.17122606E-05
     959.000 -0.82864359E-04  0.17243771E-05
     960.000 -0.85003312E-04  0.20077036E-05
     961.000 -0.83868499E-04  0.22892058E-05
     962.000 -0.80824991E-04  0.25748447E-05
     963.000 -0.77246016E-04  0.30384261E-05
     964.000 -0.73579153E-04  0.33345638E-05
     965.000 -0.69111202E-04  0.23363977E-05
     966.000 -0.62844922E-04 -0.11796786E-05
     967.000 -0.54505367E-04 -0.73733884E-05
     968.000 -0.44591841E-04 -0.14742042E-04
     969.000 -0.33675788E-04 -0.20784087E-04
     970.000 -0.21948874E-04 -0.23535254E-04
     971.000 -0.94809574E-05 -0.22730289E-04
     972.000  0.32757659E-05 -0.19635369E-04
     973.000  0.15450608E-04 -0.15736042E-04
     974.000  0.26364323E-04 -0.11446037E-04
     975.000  0.36158874E-04 -0.61423102E-05
     976.000  0.45606362E-04  0.24969833E-06
     977.000  0.55123407E-04  0.57647717E-05
     978.000  0.64060151E-04  0.71244158E-05
     979.000  0.71080270E-04  0.23461049E-05
     980.000  0.75134407E-04 -0.77292932E-05
     981.000  0.75965677E-04 -0.20554429E-04
     982.000  0.73882329E-04 -0.33414857E-04
     983.000  0.69325655E-04 -0.43056577E-04
     984.000  0.62636350E-04 -0.44924820E-04
     985.000  0.54054151E-04 -0.34709656E-04
     986.000  0.43902619E-04 -0.11321935E-04
     987.000  0.32746607E-04  0.21617873E-04
     988.000  0.21182419E-04  0.56309823E-04
     989.000  0.94132227E-05  0.82558362E-04
     990.000 -0.27084186E-05  0.91810350E-04
     991.000 -0.15033197E-04  0.82940912E-04
     992.000 -0.26691458E-04  0.64146571E-04
     993.000 -0.36487322E-04  0.46905229E-04
     994.000 -0.43603794E-04  0.37883000E-04
     995.000 -0.47911610E-04  0.37697422E-04
     996.000 -0.49904400E-04  0.44751969E-04
     997.000 -0.50480309E-04  0.55095965E-04
     998.000 -0.50484224E-04  0.58626439E-04
     999.000 -0.50246293E-04  0.41752443E-04
    1000.000 -0.49732301E-04 -0.19776480E-05
